time,travel_time,time,x,y,yaw,v_cmd,omega_cmd,v_actual,omega_actual,min_obstacle_dist
1777356325,16.07369876,0.000,0.000,0.000,0.000,0.050,0.000,0.000,0.000,4.170
1777356325,16.15808058,0.084,0.001,0.000,0.000,0.065,0.000,0.015,0.000,4.174
1777356325,16.23207307,0.158,0.003,0.000,0.000,0.090,-0.003,0.040,0.015,4.174
1777356326,16.31257915,0.239,0.006,0.000,0.000,0.122,0.004,0.072,0.039,4.170
1777356326,16.38396144,0.310,0.017,0.000,0.025,0.170,-0.006,0.120,0.064,4.170
1777356326,16.46402931,0.390,0.024,0.000,0.031,0.187,-0.014,0.137,0.074,4.170
1777356326,16.54579353,0.472,0.040,0.001,0.043,0.212,-0.011,0.162,0.085,4.142
1777356326,16.64398026,0.570,0.049,0.001,0.048,0.284,-0.013,0.184,0.074,4.142
1777356326,16.74155688,0.668,0.059,0.002,0.065,0.303,-0.023,0.203,0.081,-1.000
1777356326,16.7965095,0.723,0.070,0.003,0.069,0.267,-0.027,0.217,0.086,-1.000
1777356326,16.85340142,0.780,0.082,0.004,0.074,0.285,-0.024,0.235,0.089,-1.000
1777356326,16.89232159,0.819,0.094,0.005,0.077,0.301,-0.028,0.251,0.077,-1.000
1777356326,17.00641322,0.933,0.122,0.007,0.083,0.385,-0.031,0.285,0.048,-1.000
1777356326,17.07207561,0.998,0.136,0.008,0.082,0.390,-0.028,0.290,0.033,-1.000
1777356326,17.13165402,1.058,0.151,0.009,0.080,0.403,-0.026,0.303,0.009,-1.000
1777356326,17.22751546,1.154,0.167,0.010,0.074,0.411,-0.030,0.311,-0.013,-1.000
1777356327,17.28647685,1.213,0.183,0.012,0.071,0.421,-0.029,0.321,-0.038,-1.000
1777356327,17.34592986,1.272,0.200,0.013,0.069,0.439,-0.023,0.339,-0.040,-1.000
1777356327,17.40569282,1.332,0.217,0.014,0.069,0.402,-0.025,0.352,-0.043,-1.000
1777356327,17.46525526,1.392,0.235,0.015,0.069,0.413,-0.024,0.363,-0.015,-1.000
1777356327,17.5292933,1.456,0.274,0.018,0.074,0.443,-0.024,0.393,0.003,-1.000
1777356327,17.59262681,1.519,0.294,0.020,0.079,0.453,-0.030,0.403,0.031,-1.000
1777356327,17.72944808,1.656,0.315,0.021,0.085,0.517,-0.030,0.417,0.031,-1.000
1777356327,17.7809267,1.707,0.336,0.023,0.086,0.529,-0.034,0.429,0.036,-1.000
1777356327,17.852566,1.779,0.358,0.025,0.085,0.537,-0.033,0.437,0.011,-1.000
1777356327,17.90907311,1.835,0.380,0.027,0.086,0.542,-0.036,0.442,0.008,-1.000
1777356327,17.98883939,1.915,0.425,0.031,0.084,0.555,-0.035,0.455,-0.035,-1.000
1777356327,18.13351154,2.060,0.448,0.033,0.084,0.362,-0.033,0.462,-0.025,3.602
1777356327,18.21493721,2.141,0.472,0.035,0.084,0.382,-0.035,0.482,-0.017,3.602
1777356328,18.30401015,2.230,0.522,0.039,0.082,0.418,-0.032,0.518,-0.023,3.495
1777356328,18.401829,2.328,0.548,0.041,0.079,0.422,-0.030,0.522,-0.030,3.495
1777356328,18.49372077,2.420,0.600,0.045,0.071,0.418,-0.031,0.518,-0.039,3.350
1777356328,18.58567572,2.512,0.651,0.048,0.065,0.411,-0.023,0.511,-0.058,3.350
1777356328,18.68201566,2.608,0.676,0.050,0.063,0.402,-0.020,0.502,-0.055,3.218
1777356328,18.76412344,2.690,0.701,0.051,0.065,0.403,-0.022,0.503,-0.048,3.218
1777356328,18.83722425,2.764,0.726,0.053,0.068,0.393,-0.029,0.493,-0.020,3.218
1777356328,18.9314816,2.858,0.777,0.057,0.077,0.408,-0.028,0.508,0.024,3.218
1777356328,19.01184058,2.938,0.802,0.059,0.081,0.404,-0.030,0.504,0.031,3.218
1777356328,19.10140896,3.028,0.851,0.063,0.088,0.390,-0.033,0.490,0.054,3.121
1777356328,19.18387556,3.110,0.876,0.065,0.091,0.390,-0.038,0.490,0.023,3.121
1777356329,19.28839207,3.215,0.900,0.068,0.091,0.383,-0.037,0.483,0.006,2.889
1777356329,19.39878559,3.325,0.946,0.072,0.089,0.363,-0.033,0.463,-0.007,2.889
1777356329,19.5233984,3.450,0.992,0.076,0.088,0.358,-0.031,0.458,-0.014,2.787
1777356329,19.61059356,3.537,1.038,0.080,0.088,0.361,-0.036,0.461,0.007,2.787
1777356329,19.77407193,3.700,1.060,0.082,0.088,0.358,-0.039,0.458,0.005,2.688
1777356329,19.87206388,3.798,1.106,0.086,0.083,0.351,-0.033,0.451,-0.015,2.571
1777356329,19.96833134,3.895,1.151,0.089,0.078,0.347,-0.029,0.447,-0.047,2.571
1777356329,20.07681251,4.003,1.195,0.093,0.081,0.333,-0.033,0.433,-0.033,2.477
1777356329,20.17678094,4.103,1.238,0.097,0.088,0.333,-0.036,0.433,0.008,2.477
1777356330,20.30268431,4.229,1.260,0.099,0.100,0.338,-0.035,0.438,0.026,2.379
1777356330,20.3983748,4.325,1.303,0.103,0.110,0.335,-0.043,0.435,0.061,2.379
1777356330,20.49651861,4.423,1.325,0.106,0.113,0.340,-0.044,0.440,0.043,2.285
1777356330,20.62076735,4.547,1.388,0.113,0.118,0.316,-0.043,0.416,0.035,2.285
1777356330,20.71517801,4.641,1.409,0.116,0.120,0.316,-0.051,0.416,0.010,2.181
1777356330,20.81514859,4.741,1.430,0.118,0.126,0.313,-0.050,0.413,0.002,2.181
1777356330,20.92477322,4.851,1.470,0.124,0.130,0.313,-0.055,0.413,0.015,2.085
1777356330,21.02598906,4.952,1.511,0.129,0.136,0.316,-0.057,0.416,0.022,2.085
1777356330,21.10326171,5.030,1.551,0.135,0.143,0.304,-0.060,0.404,0.044,1.996
1777356330,21.1854527,5.112,1.571,0.138,0.147,0.303,-0.056,0.403,0.031,1.996
1777356331,21.29178905,5.218,1.591,0.141,0.147,0.298,-0.057,0.398,0.022,1.899
1777356331,21.37887406,5.305,1.611,0.144,0.145,0.295,-0.056,0.395,-0.013,1.899
1777356331,21.4649334,5.391,1.649,0.149,0.140,0.286,-0.056,0.386,-0.030,1.811
1777356331,21.54100847,5.467,1.668,0.152,0.137,0.281,-0.058,0.381,-0.049,1.811
1777356331,21.63200927,5.558,1.705,0.157,0.134,0.269,-0.052,0.369,-0.034,1.735
1777356331,21.71781421,5.644,1.724,0.159,0.134,0.277,-0.050,0.377,-0.024,1.735
1777356331,21.80780578,5.734,1.742,0.162,0.132,0.278,-0.057,0.378,-0.022,1.735
1777356331,21.87803936,5.804,1.761,0.164,0.131,0.278,-0.050,0.378,-0.015,1.642
1777356331,21.98024893,5.907,1.798,0.169,0.127,0.270,-0.048,0.370,-0.013,1.642
1777356331,22.07359409,6.000,1.834,0.174,0.126,0.268,-0.056,0.368,-0.021,1.555
1777356331,22.16893554,6.095,1.871,0.178,0.121,0.269,-0.055,0.369,-0.020,1.555
1777356332,22.32842755,6.255,1.889,0.180,0.114,0.262,-0.047,0.362,-0.029,1.470
1777356332,22.43699741,6.363,1.926,0.184,0.111,0.263,-0.051,0.363,-0.025,1.384
1777356332,22.53932524,6.466,1.961,0.188,0.110,0.257,-0.045,0.357,-0.036,1.384
1777356332,22.62625551,6.553,1.996,0.192,0.109,0.253,-0.337,0.353,-0.023,1.301
1777356332,22.725384,6.652,2.013,0.194,0.108,0.256,-0.344,0.356,-0.030,1.301
1777356332,22.81861615,6.745,2.031,0.196,0.104,0.260,-0.335,0.360,-0.021,1.218
1777356332,22.90632319,6.833,2.067,0.199,0.095,0.260,-0.373,0.360,-0.059,1.218
1777356332,23.00635481,6.933,2.085,0.201,0.088,0.254,-0.399,0.354,-0.085,1.218
1777356332,23.09267831,7.019,2.120,0.203,0.062,0.249,-0.425,0.349,-0.155,1.136
1777356332,23.19683027,7.123,2.154,0.205,0.034,0.231,-0.413,0.331,-0.213,1.136
1777356333,23.3430202,7.269,2.170,0.205,0.000,0.231,-0.459,0.331,-0.241,1.058
1777356333,23.44690609,7.373,2.202,0.204,-0.050,0.225,-0.471,0.325,-0.270,0.981
1777356333,23.56873059,7.495,2.235,0.201,-0.082,0.224,-0.471,0.324,-0.279,0.981
1777356333,23.71081161,7.637,2.284,0.196,-0.131,0.232,-0.460,0.332,-0.277,0.906
1777356333,23.85671759,7.783,2.300,0.193,-0.161,0.227,-0.449,0.327,-0.257,0.831
1777356333,23.98259306,7.909,2.332,0.187,-0.185,0.223,-0.440,0.323,-0.239,0.831
1777356333,24.11051273,8.037,2.379,0.177,-0.227,0.221,-0.419,0.321,-0.236,0.761
1777356333,24.24629998,8.173,2.411,0.169,-0.257,0.223,-0.373,0.323,-0.251,0.693
1777356334,24.37527156,8.302,2.426,0.165,-0.303,0.222,-0.373,0.322,-0.259,0.693
1777356334,24.50312328,8.429,2.471,0.149,-0.363,0.217,-0.350,0.317,-0.297,0.627
1777356334,24.62383294,8.550,2.500,0.137,-0.398,0.213,-0.302,0.313,-0.302,0.566
1777356334,24.75985765,8.686,2.530,0.124,-0.426,0.224,-0.290,0.324,-0.282,0.566
1777356334,24.87633228,8.803,2.544,0.117,-0.459,0.223,-0.187,0.323,-0.257,0.519
1777356334,25.00426388,8.931,2.573,0.102,-0.472,0.420,0.116,0.320,-0.189,0.450
1777356334,25.13272786,9.059,2.616,0.079,-0.488,0.432,0.175,0.332,-0.113,0.450
1777356335,25.26188469,9.188,2.646,0.064,-0.496,0.441,0.177,0.341,-0.093,0.424
1777356335,25.35505629,9.281,2.661,0.055,-0.500,0.405,0.174,0.355,-0.070,0.390
1777356335,25.44874978,9.375,2.694,0.037,-0.494,0.432,0.176,0.382,0.028,0.390
1777356335,25.54534721,9.472,2.729,0.019,-0.479,0.447,0.175,0.397,0.061,0.390
1777356335,25.63015914,9.556,2.747,0.010,-0.470,0.453,0.174,0.403,0.086,0.366
1777356335,25.73678541,9.663,2.783,-0.008,-0.448,0.509,0.162,0.409,0.145,0.366
1777356335,25.8673079,9.794,2.802,-0.016,-0.417,0.515,0.156,0.415,0.156,0.387
1777356335,25.97263145,9.899,2.842,-0.033,-0.392,0.543,0.147,0.443,0.174,0.387
1777356335,26.0920434,10.018,2.885,-0.050,-0.372,0.562,0.142,0.462,0.168,0.387
1777356335,26.1983521,10.125,2.952,-0.075,-0.344,0.552,0.136,0.502,-0.003,0.387
1777356336,26.35238314,10.279,2.976,-0.083,-0.311,0.550,0.120,0.500,0.033,0.387
1777356336,26.44297242,10.369,3.025,-0.097,-0.273,0.563,0.110,0.513,0.136,0.387
1777356336,26.57389832,10.500,3.076,-0.110,-0.237,0.574,0.098,0.524,0.185,0.387
1777356336,26.66073847,10.587,3.126,-0.121,-0.208,0.567,0.083,0.517,0.214,-1.000
1777356336,26.76367164,10.690,3.151,-0.126,-0.197,0.568,0.078,0.518,0.192,-1.000
1777356336,26.85189176,10.778,3.177,-0.130,-0.171,0.571,0.070,0.521,0.166,-1.000
1777356336,26.93536901,10.862,3.203,-0.135,-0.162,0.577,0.072,0.527,0.160,-1.000
1777356336,27.03588772,10.962,3.256,-0.143,-0.146,0.586,0.059,0.536,0.129,-1.000
1777356336,27.13274527,11.059,3.309,-0.150,-0.135,0.590,0.058,0.540,0.101,-1.000
1777356336,27.21848965,11.145,3.363,-0.157,-0.124,0.597,0.054,0.547,0.089,-1.000
1777356337,27.34907818,11.275,3.390,-0.160,-0.117,0.594,0.058,0.544,0.067,-1.000
1777356337,27.44732642,11.374,3.417,-0.163,-0.112,0.597,0.056,0.547,0.047,-1.000
1777356337,27.51782084,11.444,3.473,-0.169,-0.101,0.558,0.046,0.558,0.072,-1.000
1777356337,27.62035608,11.547,3.530,-0.174,-0.087,0.576,0.040,0.576,0.084,-1.000
1777356337,27.68024182,11.607,3.559,-0.177,-0.083,0.574,0.043,0.574,0.086,-1.000
1777356337,27.73898411,11.665,3.588,-0.179,-0.078,0.576,0.045,0.576,0.088,-1.000
1777356337,27.83208203,11.758,3.616,-0.181,-0.070,0.572,0.037,0.572,0.072,-1.000
1777356337,27.88970709,11.816,3.644,-0.183,-0.065,0.563,0.033,0.563,0.050,-1.000
1777356337,27.96323609,11.890,3.673,-0.184,-0.061,0.571,0.032,0.571,0.050,-1.000
1777356337,28.02629256,11.953,3.701,-0.186,-0.056,0.570,0.031,0.570,0.049,-1.000
1777356337,28.08397961,12.010,3.730,-0.188,-0.053,0.569,0.034,0.569,0.034,-1.000
1777356337,28.1491518,12.075,3.787,-0.190,-0.049,0.578,0.034,0.578,0.078,-1.000
1777356337,28.21579695,12.142,3.815,-0.192,-0.049,0.567,0.034,0.567,0.069,-1.000
1777356338,28.37391734,12.300,3.843,-0.193,-0.052,0.557,0.035,0.557,0.043,-1.000
1777356338,28.45061707,12.377,3.899,-0.196,-0.058,0.557,0.035,0.557,-0.017,-1.000
1777356338,28.54500604,12.471,3.926,-0.198,-0.061,0.598,0.038,0.548,-0.041,-1.000
1777356338,28.60738897,12.534,3.982,-0.202,-0.066,0.556,0.038,0.556,-0.049,-1.000
1777356338,28.67276549,12.599,4.010,-0.204,-0.067,0.563,0.041,0.563,-0.020,-1.000
1777356338,28.73402119,12.660,4.038,-0.205,-0.066,0.564,0.038,0.564,-0.014,-1.000
1777356338,28.86816335,12.794,4.066,-0.207,-0.061,0.567,0.040,0.567,0.005,-1.000
1777356338,28.93156362,12.858,4.094,-0.209,-0.058,0.566,0.035,0.566,0.018,-1.000
1777356338,29.02151108,12.948,4.149,-0.212,-0.044,0.598,0.032,0.548,0.014,-1.000
1777356338,29.07929492,13.006,4.177,-0.213,-0.039,0.550,0.026,0.550,0.053,-1.000
1777356338,29.143821,13.070,4.204,-0.213,-0.029,0.555,0.025,0.555,0.051,-1.000
1777356339,29.27866364,13.205,4.260,-0.214,0.000,0.560,0.012,0.560,0.108,-1.000
1777356339,29.36329603,13.290,4.288,-0.214,0.000,0.560,0.014,0.560,0.110,-1.000
1777356339,29.42173171,13.348,4.316,-0.214,0.000,0.550,0.010,0.550,0.106,-1.000
1777356339,29.50474548,13.431,4.343,-0.213,0.023,0.593,0.005,0.543,0.074,-1.000
1777356339,29.59611249,13.522,4.397,-0.212,0.028,0.589,0.001,0.539,0.019,-1.000
1777356339,29.69307113,13.619,4.450,-0.210,0.032,0.584,0.006,0.534,0.023,-1.000
1777356339,29.78965712,13.716,4.477,-0.209,0.035,0.590,0.004,0.540,0.031,-1.000
1777356339,29.87682152,13.803,4.504,-0.208,0.038,0.593,0.000,0.543,0.026,-1.000
1777356339,29.94943976,13.876,4.532,-0.207,0.037,0.550,0.004,0.550,0.004,-1.000
1777356339,30.04208446,13.968,4.586,-0.206,0.030,0.596,0.004,0.546,-0.022,-1.000
1777356339,30.13375616,14.060,4.641,-0.204,0.023,0.596,0.007,0.546,-0.046,-1.000
1777356339,30.20181227,14.128,4.669,-0.204,0.021,0.552,0.006,0.552,-0.046,-1.000
1777356340,30.27463078,14.201,4.696,-0.204,0.000,0.553,0.014,0.553,-0.047,-1.000
1777356340,30.3657496,14.292,4.724,-0.204,0.000,0.562,0.011,0.562,-0.033,-1.000
1777356340,30.42980266,14.356,4.752,-0.203,0.020,0.560,0.003,0.560,-0.023,-1.000
1777356340,30.49254441,14.419,4.781,-0.202,0.022,0.569,0.007,0.569,-0.002,-1.000
1777356340,30.55065441,14.477,4.809,-0.202,0.025,0.568,0.005,0.568,0.013,-1.000
1777356340,30.64370441,14.570,4.866,-0.200,0.031,0.575,0.000,0.575,0.026,-1.000
1777356340,30.73413706,14.660,4.895,-0.199,0.035,0.568,0.001,0.568,0.019,-1.000
1777356340,30.80462956,14.731,4.923,-0.198,0.039,0.564,0.001,0.564,0.027,-1.000
1777356340,30.89342546,14.820,4.951,-0.197,0.053,0.572,-0.009,0.572,0.043,-1.000
1777356340,30.95403695,14.880,4.980,-0.195,0.058,0.578,-0.008,0.578,0.045,-1.000
1777356340,31.05829978,14.985,5.038,-0.191,0.065,0.586,-0.011,0.586,0.041,-1.000
1777356340,31.12286258,15.049,5.067,-0.189,0.067,0.580,-0.009,0.580,0.044,-1.000
1777356340,31.18678474,15.113,5.125,-0.185,0.068,0.575,-0.016,0.575,-0.007,-1.000
1777356340,31.24702835,15.173,5.154,-0.183,0.066,0.576,-0.014,0.576,-0.005,-1.000
1777356341,31.38157797,15.308,5.183,-0.181,0.068,0.580,-0.012,0.580,-0.003,-1.000
1777356341,31.47821879,15.405,5.241,-0.177,0.070,0.587,-0.015,0.587,0.003,-1.000
1777356341,31.55782223,15.484,5.270,-0.175,0.068,0.581,-0.012,0.581,-0.012,-1.000
1777356341,31.63472462,15.561,5.328,-0.172,0.063,0.581,-0.011,0.581,-0.020,-1.000
1777356341,31.71868014,15.645,5.357,-0.170,0.060,0.580,-0.008,0.580,-0.043,-1.000
1777356341,31.78389049,15.710,5.386,-0.168,0.058,0.583,-0.010,0.583,-0.044,-1.000
1777356341,31.87717128,15.803,5.415,-0.167,0.055,0.579,-0.006,0.579,-0.041,-1.000
1777356341,32.00189114,15.928,5.474,-0.163,0.053,0.592,-0.003,0.592,-0.020,-1.000
1777356341,32.06280255,15.989,5.503,-0.162,0.051,0.588,-0.002,0.588,-0.028,-1.000
1777356341,32.12388682,16.050,5.532,-0.161,0.047,0.582,-0.008,0.582,-0.034,-1.000
1777356341,32.19582629,16.122,5.591,-0.158,0.039,0.586,0.000,0.586,-0.027,-1.000
1777356342,32.27916455,16.205,5.620,-0.157,0.036,0.583,-0.004,0.583,-0.048,-1.000
1777356342,32.38389945,16.310,5.649,-0.156,0.031,0.580,0.004,0.580,-0.048,-1.000
1777356342,32.47863626,16.405,5.678,-0.155,0.032,0.580,0.001,0.580,-0.034,-1.000
1777356342,32.55679297,16.483,5.737,-0.153,0.033,0.592,-0.002,0.592,-0.002,-1.000
1777356342,32.63797736,16.564,5.766,-0.152,0.035,0.580,-0.002,0.580,-0.002,-1.000
1777356342,32.71860123,16.645,5.823,-0.150,0.037,0.568,-0.003,0.568,0.024,-1.000
1777356342,32.78280401,16.709,5.852,-0.149,0.038,0.564,-0.001,0.564,0.017,-1.000
1777356342,32.91059661,16.837,5.880,-0.148,0.039,0.565,-0.002,0.565,0.007,-1.000
1777356342,33.00246453,16.929,5.936,-0.146,0.048,0.556,-0.009,0.556,0.017,-1.000
1777356342,33.06475759,16.991,5.963,-0.144,0.052,0.552,-0.003,0.552,0.040,-1.000
1777356342,33.12947154,17.056,5.991,-0.143,0.057,0.550,-0.011,0.550,0.042,-1.000
1777356342,33.22875619,17.155,6.047,-0.139,0.061,0.562,-0.008,0.562,0.044,-1.000
1777356343,33.3167429,17.243,6.075,-0.137,0.061,0.559,-0.013,0.559,0.031,-1.000
1777356343,33.41475368,17.341,6.102,-0.136,0.058,0.555,-0.006,0.555,0.012,-1.000
1777356343,33.50218368,17.428,6.158,-0.133,0.057,0.555,-0.013,0.555,-0.004,-1.000
1777356343,33.59473228,17.521,6.186,-0.131,0.057,0.559,-0.012,0.559,-0.003,-1.000
1777356343,33.65641999,17.583,6.242,-0.128,0.058,0.574,-0.010,0.574,-0.001,-1.000
1777356343,33.71893597,17.645,6.271,-0.126,0.058,0.568,-0.010,0.568,-0.001,-1.000
1777356343,33.80891109,17.735,6.300,-0.125,0.057,0.579,-0.006,0.579,-0.015,-1.000
1777356343,33.90922618,17.836,6.328,-0.123,0.057,0.572,-0.009,0.572,0.000,-1.000
1777356343,33.96491528,17.891,6.357,-0.121,0.057,0.570,-0.006,0.570,-0.015,-1.000
1777356343,34.03268552,17.959,6.385,-0.120,0.058,0.577,-0.008,0.577,-0.052,-1.000
1777356343,34.09895706,18.025,6.414,-0.118,0.060,0.578,-0.014,0.578,-0.023,-1.000
1777356343,34.18928599,18.116,6.471,-0.114,0.070,0.567,-0.018,0.567,0.017,-1.000
1777356344,34.26101303,18.187,6.500,-0.112,0.074,0.581,-0.017,0.581,0.026,-1.000
1777356344,34.35873604,18.285,6.529,-0.110,0.077,0.581,-0.024,0.581,0.046,-1.000
1777356344,34.43669891,18.363,6.558,-0.107,0.086,0.583,-0.022,0.583,0.048,-1.000
1777356344,34.53181934,18.458,6.615,-0.102,0.085,0.570,-0.026,0.570,0.009,-1.000
1777356344,34.5921936,18.518,6.644,-0.100,0.083,0.580,-0.025,0.580,-0.008,-1.000
1777356344,34.66501069,18.591,6.702,-0.095,0.078,0.586,-0.021,0.586,-0.047,-1.000
1777356344,34.75184846,18.678,6.731,-0.093,0.074,0.588,-0.021,0.588,-0.047,-1.000
1777356344,34.82106304,18.747,6.761,-0.091,0.069,0.596,-0.021,0.596,-0.047,-1.000
1777356344,34.90775776,18.834,6.791,-0.089,0.059,0.599,-0.014,0.599,-0.048,-1.000
1777356344,34.97212601,18.898,6.820,-0.088,0.055,0.589,-0.016,0.589,-0.034,-1.000
1777356344,35.0318315,18.958,6.850,-0.086,0.055,0.594,-0.012,0.594,-0.038,-1.000
1777356344,35.09266019,19.019,6.880,-0.084,0.055,0.597,-0.009,0.597,-0.027,-1.000
1777356344,35.16559458,19.092,6.939,-0.081,0.059,0.597,-0.012,0.597,0.006,-1.000
1777356344,35.23137498,19.158,6.969,-0.079,0.064,0.553,-0.013,0.603,0.004,-1.000
1777356345,35.29064655,19.217,7.000,-0.077,0.068,0.557,-0.018,0.607,0.017,-1.000
1777356345,35.39632082,19.323,7.030,-0.075,0.080,0.556,-0.025,0.606,0.036,-1.000
1777356345,35.45496607,19.381,7.060,-0.072,0.085,0.551,-0.025,0.601,0.054,-1.000
1777356345,35.50889921,19.435,7.090,-0.069,0.087,0.556,-0.032,0.606,0.038,-1.000
1777356345,35.57821441,19.505,7.120,-0.067,0.089,0.555,-0.035,0.605,0.026,-1.000
1777356345,35.66292024,19.589,7.150,-0.064,0.093,0.597,-0.034,0.597,0.019,-1.000
1777356345,35.7461462,19.672,7.210,-0.058,0.100,0.557,-0.036,0.607,0.034,-1.000
1777356345,35.79025245,19.717,7.240,-0.055,0.102,0.559,-0.037,0.609,0.024,-1.000
1777356345,35.92804241,19.854,7.271,-0.052,0.100,0.562,-0.041,0.612,0.012,-1.000
1777356345,35.98621225,19.913,7.301,-0.049,0.098,0.564,-0.041,0.614,-0.006,-1.000
1777356345,36.07965207,20.006,7.362,-0.043,0.089,0.551,-0.034,0.601,-0.051,-1.000
1777356345,36.15127563,20.078,7.392,-0.041,0.085,0.563,-0.029,0.613,-0.064,-1.000
1777356345,36.22129083,20.148,7.422,-0.038,0.081,0.599,-0.030,0.599,-0.073,-1.000
1777356346,36.26140571,20.188,7.482,-0.033,0.078,0.558,-0.033,0.608,-0.050,-1.000
1777356346,36.42940879,20.356,7.513,-0.031,0.080,0.560,-0.034,0.610,-0.025,-1.000
1777356346,36.47937441,20.406,7.543,-0.029,0.083,0.555,-0.039,0.605,-0.004,-1.000
1777356346,36.54637003,20.473,7.573,-0.026,0.086,0.562,-0.038,0.612,-0.003,-1.000
1777356346,36.61418366,20.540,7.634,-0.020,0.093,0.558,-0.047,0.608,0.023,-1.000
1777356346,36.67592263,20.602,7.664,-0.018,0.098,0.553,-0.045,0.603,0.016,-1.000
1777356346,36.73164201,20.658,7.694,-0.014,0.103,0.553,-0.047,0.603,0.040,-1.000
1777356346,36.8069973,20.733,7.724,-0.011,0.109,0.599,-0.053,0.599,0.043,-1.000
1777356346,36.9433856,20.870,7.754,-0.008,0.118,0.552,-0.060,0.602,0.045,-1.000
1777356346,36.98341942,20.910,7.784,-0.004,0.120,0.552,-0.059,0.602,0.045,-1.000
1777356346,37.05939865,20.986,7.813,-0.001,0.121,0.592,-0.064,0.592,0.032,-1.000
1777356346,37.13393235,21.060,7.872,0.006,0.116,0.594,-0.063,0.594,-0.019,-1.000
1777356346,37.22664094,21.153,7.901,0.010,0.114,0.593,-0.068,0.593,-0.042,-1.000
1777356347,37.29820347,21.225,7.961,0.016,0.110,0.553,-0.066,0.603,-0.031,-1.000
1777356347,37.42560244,21.352,7.991,0.020,0.104,0.557,-0.063,0.607,-0.037,-1.000
1777356347,37.48209333,21.408,8.022,0.023,0.102,0.563,-0.061,0.613,-0.026,-1.000
1777356347,37.53872728,21.465,8.052,0.026,0.100,0.564,-0.067,0.614,-0.033,-1.000
1777356347,37.58291078,21.509,8.082,0.029,0.098,0.561,-0.063,0.611,-0.037,-1.000
1777356347,37.64138126,21.568,8.113,0.032,0.096,0.559,-0.066,0.609,-0.040,-1.000
1777356347,37.7111392,21.637,8.143,0.035,0.095,0.554,-0.068,0.604,-0.042,-1.000
1777356347,37.76722622,21.694,8.173,0.037,0.095,0.550,-0.070,0.600,-0.043,-1.000
1777356347,37.84237146,21.769,8.203,0.040,0.097,0.559,-0.074,0.609,-0.030,-1.000
1777356347,37.92675996,21.853,8.233,0.044,0.104,0.511,-0.076,0.611,-0.006,-1.000
1777356347,37.9837296,21.910,8.264,0.047,0.107,0.508,-0.080,0.608,0.025,-1.000
1777356347,38.04142523,21.968,8.294,0.050,0.110,0.557,-0.087,0.607,0.017,-1.000
1777356347,38.08523774,22.012,8.324,0.053,0.111,0.506,-0.084,0.606,0.012,-1.000
1777356347,38.14741325,22.074,8.354,0.057,0.110,0.501,-0.085,0.601,-0.006,-1.000
1777356347,38.22002482,22.146,8.383,0.060,0.109,0.488,-0.088,0.588,-0.018,-1.000
1777356348,38.28063655,22.207,8.412,0.063,0.109,0.489,-0.091,0.589,-0.013,-1.000
1777356348,38.35593271,22.282,8.442,0.066,0.108,0.490,-0.090,0.590,-0.037,-1.000
1777356348,38.44318581,22.369,8.471,0.069,0.104,0.488,-0.088,0.588,-0.036,-1.000
1777356348,38.49995279,22.426,8.500,0.072,0.102,0.478,-0.092,0.578,-0.039,-1.000
1777356348,38.5646646,22.491,8.528,0.075,0.098,0.478,-0.094,0.578,-0.042,-1.000
1777356348,38.62677121,22.553,8.557,0.078,0.095,0.471,-0.096,0.571,-0.043,-1.000
1777356348,38.6855979,22.612,8.585,0.080,0.091,0.463,-0.097,0.563,-0.044,-1.000
1777356348,38.8345685,22.761,8.667,0.087,0.081,0.447,-0.080,0.547,-0.080,-1.000
1777356348,38.97058964,22.897,8.694,0.090,0.080,0.446,-0.018,0.546,-0.061,-1.000
1777356348,39.04885721,22.975,8.721,0.092,0.082,0.441,-0.003,0.541,-0.029,-1.000
1777356348,39.14714432,23.073,8.775,0.096,0.086,0.439,0.031,0.539,-0.004,-1.000
1777356348,39.23611403,23.162,8.828,0.101,0.086,0.429,0.047,0.529,0.012,-1.000
1777356349,39.33256626,23.259,8.880,0.105,0.086,0.414,0.044,0.514,-0.008,-1.000
1777356349,39.46516132,23.391,8.905,0.108,0.087,0.410,0.055,0.510,-0.006,-1.000
1777356349,39.54549813,23.472,8.931,0.110,0.089,0.408,0.057,0.508,-0.004,-1.000
1777356349,39.65124488,23.578,8.981,0.115,0.095,0.403,0.066,0.503,0.022,-1.000
1777356349,39.74399257,23.670,9.031,0.120,0.102,0.396,0.067,0.496,0.050,-1.000
1777356349,39.83160782,23.758,9.080,0.125,0.111,0.396,0.066,0.496,0.049,-1.000
1777356349,39.99708652,23.923,9.104,0.128,0.125,0.383,0.045,0.483,0.054,-1.000
1777356349,40.0796051,24.006,9.152,0.134,0.138,0.376,0.032,0.476,0.075,-1.000
1777356349,40.22311735,24.149,9.198,0.141,0.155,0.372,0.013,0.472,0.100,-1.000
1777356350,40.3827548,24.309,9.267,0.153,0.178,0.370,-0.025,0.470,0.115,-1.000
1777356350,40.55058241,24.477,9.290,0.158,0.186,0.365,-0.041,0.465,0.090,-1.000
1777356350,40.67552614,24.602,9.357,0.170,0.181,0.550,-0.300,0.450,-0.003,-1.000
1777356350,40.80221558,24.729,9.400,0.178,0.174,0.539,-0.311,0.439,-0.049,-1.000
1777356350,40.915663,24.842,9.443,0.185,0.166,0.538,-0.324,0.438,-0.045,-1.000
1777356350,41.01532078,24.942,9.466,0.189,0.152,0.548,-0.311,0.448,-0.066,-1.000
1777356350,41.1181159,25.044,9.512,0.195,0.131,0.519,-0.293,0.469,-0.119,-1.000
1777356350,41.20841432,25.135,9.560,0.200,0.105,0.541,-0.324,0.491,-0.184,-1.000
