time,travel_time,x,y,yaw,v_cmd,omega_cmd,v_actual,omega_actual,min_obstacle_dist
1777354712.3094847,12.06358790397644,0.0,0.0,0.0,0.05000000000000002,4.440892098500626e-16,0.0,0.0,-1
1777354712.4409227,12.19502592086792,0.0,0.0,0.0,0.05000000000000002,4.440892098500626e-16,0.0,0.0,-1
1777354712.498559,12.252662181854248,0.00037,0.0,0.0,0.05700000000000002,0.0022510612200854485,0.007,0.028431,-1
1777354712.5559928,12.310096025466919,0.000998,0.0,0.0,0.06300000000000001,-0.004027877559829529,0.013,0.048332,-1
1777354712.6214104,12.375513553619385,0.004347,0.0,0.0,0.09300000000000001,0.0032754149601137983,0.043,0.038182,-1
1777354712.6990814,12.453184604644775,0.007552,0.0,0.0,0.11400000000000002,-0.0024062312998578417,0.064,0.041227,-1
1777354712.7612312,12.515334367752075,0.011492,0.0,0.0,0.129,-0.0002742312998578744,0.079,0.043359,-1
1777354712.8193614,12.573464632034302,0.015913,0.0,0.0,0.138,-0.001317292519942892,0.088,0.016136,-1
1777354712.94208,12.696183204650879,0.021074,0.0,0.0,0.15300000000000002,-0.0010457074800562238,0.103,-0.018499,-1
1777354712.9946134,12.748716592788696,0.027088,0.0,0.0,0.17,-0.003235122440169602,0.12,-0.055595,-1
1777354713.056125,12.810228109359741,0.033884,-0.000162,-0.023894,0.18600000000000003,0.008941755119660333,0.136,-0.095778,-1
1777354713.1273837,12.881486892700195,0.049782,-0.000821,-0.048878,0.21900000000000003,0.01742798641951865,0.169,-0.130925,-1
1777354713.1989906,12.953093767166138,0.058932,-0.001369,-0.059861,0.28300000000000003,0.01839127893946202,0.183,-0.147415,-1
1777354713.2616904,13.015793561935425,0.068836,-0.002065,-0.070138,0.29900000000000004,0.028695925199433647,0.199,-0.145837,-1
1777354713.3077404,13.061843633651733,0.079633,-0.002911,-0.078137,0.26699999999999996,0.02980092519943367,0.217,-0.144732,-1
1777354713.4396806,13.1937837600708,0.09112,-0.003968,-0.091773,0.28099999999999997,0.03548863267949032,0.231,-0.121591,-1
1777354713.4999723,13.254075527191162,0.10349,-0.005133,-0.093944,0.29800000000000004,0.03705904763960366,0.248,-0.085114,-1
1777354713.5661106,13.320213794708252,0.116197,-0.006327,-0.093008,0.30500000000000005,0.03641310885968868,0.255,-0.05958,-1
1777354713.6235895,13.377692699432373,0.129976,-0.007576,-0.090389,0.32700000000000007,0.028107170079773702,0.277,-0.041706,-1
1777354713.6960785,13.450181722640991,0.159837,-0.010114,-0.081666,0.40800000000000003,0.02829400000000043,0.308,0.028294,-1
1777354713.754843,13.508946180343628,0.175813,-0.01137,-0.077551,0.42100000000000004,0.025021353740028784,0.321,0.033748,-1
1777354713.818033,13.572136163711548,0.192144,-0.01256,-0.072003,0.42700000000000005,0.02857635374002876,0.327,0.037303,-1
1777354713.9307342,13.684837341308594,0.209463,-0.013511,-0.054814,0.397,0.023612768700142145,0.347,0.067246,-1
1777354713.9983828,13.752485990524292,0.227991,-0.014405,-0.048239,0.421,0.014984476180198825,0.371,0.076071,-1
1777354714.055206,13.809309244155884,0.246801,-0.015221,-0.043367,0.427,0.018209183660255507,0.377,0.096749,-1
1777354714.1197324,13.873835563659668,0.266376,-0.01596,-0.037705,0.442,0.015364122440170491,0.392,0.067724,-1
1777354714.2234623,13.97756552696228,0.306386,-0.017318,-0.032789,0.30600000000000005,0.013089061220085463,0.406,0.039269,3.317
1777354714.323106,14.077209234237671,0.326922,-0.017952,-0.030411,0.31099999999999994,0.015250061220085487,0.411,0.04143,3.317
1777354714.3781724,14.132275581359863,0.347948,-0.018556,-0.028033,0.5209999999999999,0.009296646259972119,0.421,0.00057,-1
1777354714.4480276,14.202130794525146,0.369104,-0.018556,0.0,0.5229999999999999,-0.00021758503988622557,0.423,0.034689,-1
1777354714.5109031,14.265006303787231,0.390381,-0.018556,0.0,0.5259999999999999,0.0035914149601137813,0.426,0.038498,-1
1777354714.5739703,14.328073501586914,0.412061,-0.018556,0.0,0.5339999999999999,0.0035881224401704825,0.434,0.055948,-1
1777354714.631153,14.385256290435791,0.434124,-0.018556,0.0,0.5409999999999999,-0.0027661700797728395,0.441,0.067047,-1
1777354714.740948,14.495051145553589,0.47971,-0.018556,0.0,0.362,0.0026451836602555123,0.462,0.081185,3.452
1777354714.8428147,14.596917867660522,0.5265,-0.017574,0.021238,0.369,-0.009733170079772813,0.469,0.06008,3.452
1777354714.986066,14.740169286727905,0.550498,-0.017574,0.0,0.38,0.0006670612200854742,0.48,0.026847,2.967
1777354715.0587585,14.812861680984497,0.574271,-0.017574,0.0,0.375,0.004293000000000435,0.475,0.004293,2.967
1777354715.1054752,14.859578371047974,0.622205,-0.017574,0.0,0.532,-0.0015690612200846,0.482,-0.027749,-1
1777354715.1636987,14.917801856994629,0.645823,-0.017574,0.0,0.522,-0.0031487687001412468,0.472,-0.046782,-1
1777354715.214847,14.968950271606445,0.669786,-0.017574,0.0,0.5289999999999999,-0.0013517074800562523,0.479,-0.018805,-1
1777354715.2540567,15.008159875869751,0.693213,-0.017574,0.0,0.5189999999999999,0.004289292519943755,0.469,-0.013164,-1
1777354715.3032613,15.057364463806152,0.717152,-0.017574,0.0,0.5289999999999999,-0.0004883537400278692,0.479,-0.009215,-1
1777354715.4728692,15.226972341537476,0.741449,-0.017574,0.0,0.536,0.004822353740028762,0.486,0.013549,-1
1777354715.52224,15.27634310722351,0.765619,-0.017574,0.0,0.5329999999999999,0.0007583537400288054,0.483,0.009485,-1
1777354715.5869005,15.341003656387329,0.790868,-0.016942,0.026656,0.5549999999999999,-0.01251835374002791,0.505,-0.021245,-1
1777354715.6521914,15.406294584274292,0.84231,-0.014939,0.045694,0.567,-0.01264452381980119,0.517,0.048442,-1
1777354715.7402315,15.494334697723389,0.868663,-0.013494,0.056376,0.42800000000000005,-0.015631816339744475,0.528,0.062908,2.602
1777354715.835719,15.58982229232788,0.922585,-0.00987,0.072165,0.44500000000000006,-0.024338401379631114,0.545,0.089108,2.602
1777354716.0086396,15.762742757797241,0.949848,-0.007701,0.079426,0.597,0.20807069389957533,0.547,0.077171,2.477
1777354716.0919447,15.84604787826538,1.003688,-0.003603,0.072992,0.43100000000000005,0.029221585039887088,0.531,-0.005685,2.343
1777354716.1894279,15.943531036376953,1.05566,-0.000191,0.063508,0.41800000000000004,0.03596246259971703,0.518,-0.051304,2.343
1777354716.286336,16.040439128875732,1.081087,0.001262,0.056341,0.40900000000000003,0.04558110885968869,0.509,-0.050412,2.342999999999999
1777354716.3710284,16.125131607055664,1.132061,0.003913,0.050205,0.563,0.17316415649929195,0.513,-0.045002,2.249
1777354716.5079255,16.262028694152832,1.157593,0.005163,0.048933,0.41100000000000003,0.04703881633974538,0.511,-0.031501,2.125
1777354716.597153,16.351256132125854,1.208159,0.007684,0.050677,0.404,0.04790158503988706,0.504,0.012995,2.125
1777354716.69321,16.44731307029724,1.2333,0.009012,0.053175,0.404,0.05554929251994378,0.504,0.038096,2.125
1777354716.7729425,16.527045726776123,1.282968,0.011904,0.06054,0.542,0.19309234015954702,0.492,0.053466,2.033
1777354716.8725228,16.626626014709473,1.331766,0.015144,0.071425,0.54,0.18675304763960368,0.49,0.06458,2.0330000000000004
1777354716.9959774,16.750080585479736,1.356119,0.017297,0.088165,0.389,0.013710476180198827,0.489,0.074797,1.936
1777354717.0983822,16.852485418319702,1.407085,0.022295,0.102574,0.41900000000000004,0.007011183660255493,0.519,0.085551,1.8250000000000002
1777354717.1908715,16.944974660873413,1.433053,0.025135,0.108919,0.42200000000000004,0.006538891140312197,0.522,0.102532,1.8250000000000002
1777354717.2853096,17.0394127368927,1.484798,0.03138,0.124235,0.41800000000000004,-0.052620278939461085,0.518,0.113186,1.7569999999999997
1777354717.3798532,17.13395643234253,1.534652,0.03817,0.139869,0.396,-0.047942986419517775,0.496,0.10041,1.757
1777354717.5155149,17.269618034362793,1.559065,0.042,0.155596,0.394,-0.07706163267948943,0.494,0.080018,1.689
1777354717.6290154,17.383118629455566,1.606983,0.049856,0.164091,0.382,-0.07716404763960277,0.482,0.045009,1.6889999999999998
1777354717.735,17.489103078842163,1.654258,0.057826,0.167331,0.38,-0.09908569389957445,0.48,0.031814,1.5770000000000002
1777354717.8184233,17.572526454925537,1.700831,0.065543,0.162058,0.369,-0.09055410885968779,0.469,0.005439,1.5770000000000002
1777354717.920418,17.67452120780945,1.723829,0.069215,0.157242,0.366,-0.13752340137963115,0.466,-0.024077,1.533
1777354718.0310068,17.785109996795654,1.746521,0.072387,0.138854,0.358,-0.13063581633974453,0.458,-0.052096,1.533
1777354718.1543603,17.90846347808838,1.791234,0.078114,0.122317,0.349,-0.13438158503988618,0.449,-0.099475,1.457
1777354718.2845294,18.03863263130188,1.835247,0.083143,0.109515,0.5419999999999999,-0.1744538775598295,0.442,-0.122094,1.412
1777354718.4030704,18.15717363357544,1.902187,0.089926,0.096143,0.5489999999999999,-0.18193446259971613,0.449,-0.094668,1.4120000000000001
1777354718.5517523,18.30585551261902,1.924954,0.091821,0.083055,0.5569999999999999,-0.19058175511965947,0.457,-0.085862,1.331
1777354718.656986,18.411089181900024,1.972747,0.095315,0.069927,0.5329999999999999,-0.21314604763960276,0.483,-0.090973,1.233
1777354718.7603555,18.514458656311035,2.02228,0.098327,0.057697,0.55,-0.22039904763960277,0.5,-0.098226,1.233
1777354718.847909,18.602012157440186,2.073673,0.100798,0.043866,0.567,-0.23467240137963113,0.517,-0.121226,1.186
1777354718.9534998,18.707602977752686,2.100071,0.101828,0.037835,0.5780000000000001,-0.24095040137963114,0.528,-0.127504,1.1860000000000002
1777354719.1084306,18.862533807754517,2.153786,0.103104,0.023344,0.5860000000000001,-0.1583968163397445,0.536,-0.079857,1.066
1777354719.1779792,18.932082414627075,2.208873,0.103669,0.0,0.5530000000000002,-0.15246881633974452,0.553,-0.073929,1.066
1777354719.2756753,19.029778480529785,2.264702,0.103669,0.0,0.5560000000000002,-0.10707764625997118,0.556,-0.098351,1.0039999999999998
1777354719.3671732,19.121276378631592,2.320368,0.103669,0.0,0.5580000000000002,-0.10201876870014126,0.558,-0.145652,1.0039999999999998
1777354719.5269313,19.281034469604492,2.348499,0.102551,-0.039739,0.5630000000000001,0.0028969864195186323,0.563,-0.145456,0.8860000000000001
1777354719.6140165,19.368119716644287,2.404835,0.099933,-0.04855,0.5600000000000002,0.008154401379632026,0.56,-0.105292,0.8249999999999998
1777354719.704266,19.458369255065918,2.433263,0.098503,-0.050259,0.5690000000000001,0.013562462599717051,0.569,-0.073704,0.8249999999999998
1777354719.7756486,19.529751777648926,2.490162,0.095569,-0.051296,0.5670000000000001,0.016724585039887108,0.567,-0.018182,0.763
1777354719.8625052,19.616608381271362,2.518667,0.094156,-0.049095,0.5710000000000001,0.010214646259972093,0.571,0.001488,0.763
1777354719.953404,19.707507133483887,2.546929,0.092801,-0.047602,0.5660000000000001,0.015257000000000465,0.566,0.015257,0.72
1777354720.0508168,19.804919958114624,2.575284,0.091752,-0.036968,0.5670000000000001,0.010680000000000467,0.567,0.01068,0.7199999999999999
1777354720.148864,19.90296721458435,2.633093,0.090152,-0.024459,0.5780000000000001,0.0070924761801988145,0.578,0.068179,0.7199999999999999
1777354720.2324834,19.986586570739746,2.691314,0.090152,0.0,0.5810000000000001,-0.0053921088596878275,0.581,0.090601,0.6969999999999998
1777354720.2964342,20.05053734779358,2.720525,0.090152,0.0,0.5840000000000001,-0.0006198163397445056,0.584,0.07792,0.6969999999999998
1777354720.3650637,20.1191668510437,2.749309,0.090152,0.0,0.5760000000000001,-0.0048384625997161534,0.576,0.082428,0.7389999999999999
1777354720.4534264,20.207529544830322,2.778329,0.090152,0.0,0.5800000000000001,-0.0033865238198012015,0.58,0.0577,0.7389999999999999
1777354720.5441332,20.29823637008667,2.807205,0.090152,0.0,0.478,-0.009833585039886183,0.578,0.025073,2.748
1777354720.6148927,20.368995904922485,2.86572,0.090152,0.0,0.488,-0.009437938779914556,0.588,0.016742,2.748
1777354720.6981318,20.452234983444214,2.894815,0.090152,0.0,0.482,-0.005734292519942896,0.582,0.011719,2.748
1777354720.7631705,20.517273664474487,2.924074,0.090152,0.0,0.485,-0.009249292519942887,0.585,0.008204,2.6020000000000003
1777354720.8295283,20.58363151550293,2.982736,0.090152,0.0,0.49,-0.0058792312998578455,0.59,0.037754,2.6020000000000003
1777354720.8865576,20.640660762786865,3.011731,0.090152,0.0,0.48,-0.0035262312998578516,0.58,0.040107,2.6020000000000003
1777354721.013929,20.76803207397461,3.040367,0.090152,0.0,0.5730000000000001,0.32829161909900856,0.573,0.022859,0.36099999999999993
1777354721.073111,20.827214241027832,3.068359,0.090152,0.0,0.5600000000000002,0.30721861909900855,0.56,0.001786,0.36099999999999993
1777354721.134323,20.888426065444946,3.096247,0.090152,0.0,0.5580000000000002,0.07978981633974536,0.558,0.00125,2.6219999999999994
1777354721.1970954,20.95119857788086,3.124084,0.090152,0.0,0.5570000000000002,0.07392646259971702,0.557,-0.01334,2.6219999999999994
1777354721.2641997,21.01830291748047,3.151865,0.090152,0.0,0.5560000000000002,0.07792846259971703,0.556,-0.009338,2.6220000000000003
1777354721.3453627,21.09946584701538,3.206963,0.090711,0.021364,0.44700000000000006,-0.266766972839036,0.547,0.029939,2.2380000000000004
1777354721.4575205,21.211623668670654,3.234241,0.091375,0.025065,0.44600000000000006,-0.2647712653589793,0.546,0.049388,2.2380000000000004
1777354721.540657,21.29476022720337,3.261624,0.09239,0.037039,0.44800000000000006,-0.2555812653589793,0.548,0.058578,2.1040000000000005
1777354721.6218204,21.37592363357544,3.288964,0.093472,0.039564,0.44700000000000006,-0.2731552653589793,0.547,0.041004,2.1040000000000005
1777354721.706736,21.46083927154541,3.342711,0.095782,0.043676,0.43400000000000005,-0.29861626535897934,0.534,0.015543,2.104
1777354721.8210962,21.575199365615845,3.396008,0.098009,0.039826,0.43100000000000005,-0.3236126803190927,0.531,-0.04436,1.9789999999999999
1777354721.9183092,21.672412395477295,3.448664,0.099513,0.021331,0.42300000000000004,-0.3211278027592627,0.523,-0.094235,1.9790000000000003
1777354722.0808759,21.83497905731201,3.474463,0.098995,-0.020101,0.41600000000000004,-0.3519865102393194,0.516,-0.142547,1.8719999999999999
1777354722.1706443,21.924747467041016,3.523628,0.096315,-0.066388,0.383,-0.3643984013796312,0.483,-0.250952,1.7530000000000006
1777354722.2455661,21.999669313430786,3.547282,0.094202,-0.089113,0.375,-0.36469052381980116,0.475,-0.303604,1.7529999999999997
1777354722.3679104,22.122013568878174,3.593573,0.088543,-0.13475,0.368,-0.3096320612200846,0.468,-0.335812,1.6439999999999995
1777354722.4838345,22.237937688827515,3.639389,0.081065,-0.176246,0.365,-0.30710912244016964,0.465,-0.359469,1.6439999999999995
1777354722.5706325,22.324735641479492,3.661671,0.076058,-0.221018,0.357,-0.3353526462599713,0.457,-0.326626,1.546
1777354722.6948452,22.4489483833313,3.705805,0.065191,-0.247643,0.353,-0.3364751700797728,0.453,-0.266662,1.5459999999999996
1777354722.7958834,22.549986600875854,3.749331,0.053313,-0.275143,0.35,-0.19321841496011294,0.45,-0.228125,1.465
1777354722.8990073,22.65311050415039,3.791636,0.040511,-0.303508,0.34199999999999997,-0.1563534761801979,0.442,-0.21744,1.367
1777354723.0115154,22.765618562698364,3.812445,0.033718,-0.318433,0.33799999999999997,-0.16066618366025465,0.438,-0.239206,1.367
1777354723.128864,22.882967233657837,3.852191,0.018074,-0.383548,0.32399999999999995,-0.11729930610042472,0.424,-0.248199,1.294
1777354723.2611272,23.015230417251587,3.890248,0.001739,-0.414104,0.31399999999999995,-0.123643598620368,0.414,-0.23709,1.2939999999999998
1777354723.3730865,23.12718963623047,3.945219,-0.023544,-0.438578,0.30000000000000004,-0.08814753740028292,0.4,-0.175414,1.2209999999999999
1777354723.4595916,23.21369481086731,3.963359,-0.032175,-0.444086,0.30200000000000005,-0.08464512244016958,0.402,-0.137005,1.2210000000000005
1777354723.5788047,23.332907915115356,3.981618,-0.041053,-0.452582,0.456,0.051379632679490306,0.406,-0.1057,1.176
1777354723.6741457,23.4282488822937,4.017579,-0.058697,-0.457818,0.449,0.06460669389957535,0.399,-0.066293,1.0679999999999998
1777354723.7780085,23.532111644744873,4.053521,-0.076666,-0.465165,0.453,0.0655230476396037,0.403,-0.05665,1.0680000000000003
1777354723.8570647,23.611167907714844,4.071648,-0.085836,-0.469056,0.456,0.07674569389957536,0.406,-0.054154,1.0070000000000001
1777354723.9777174,23.731820583343506,4.108802,-0.104814,-0.474064,0.5219999999999999,0.08691040137963202,0.422,-0.026536,1.0069999999999997
1777354724.1044781,23.85858130455017,4.127917,-0.11441,-0.465258,0.5279999999999999,0.15702827893946197,0.428,-0.008778,0.9709999999999998
1777354724.2217686,23.975871801376343,4.167961,-0.133842,-0.446598,0.5529999999999999,0.16550146259971704,0.453,0.078235,0.9709999999999999
1777354724.3513358,24.105438947677612,4.230911,-0.162092,-0.408833,0.566,0.16300600000000046,0.466,0.163006,0.9410000000000001
1777354724.464644,24.21874713897705,4.275712,-0.180524,-0.382312,0.538,0.15581470748005713,0.488,0.173268,0.8989999999999999
1777354724.584647,24.33875012397766,4.298981,-0.189036,-0.35066,0.546,0.14442606122008547,0.496,0.170606,0.8989999999999998
1777354724.689822,24.443925142288208,4.345713,-0.205191,-0.327182,0.5529999999999999,0.14009170748005711,0.503,0.157545,0.8379999999999997
1777354724.8022215,24.55632472038269,4.393844,-0.220509,-0.301565,0.5569999999999999,0.12681676870014214,0.507,0.17045,0.838
1777354724.896811,24.650914192199707,4.443273,-0.234836,-0.273921,0.5680000000000001,0.12040282992022677,0.518,0.190216,0.7849999999999999
1777354724.9893014,24.743404626846313,4.468578,-0.241754,-0.264854,0.575,0.12429012244017049,0.525,0.17665,0.7849999999999999
1777354725.0931494,24.84725260734558,4.494122,-0.248173,-0.246158,0.577,0.1140974149601138,0.527,0.149004,0.6720000000000002
1777354725.183401,24.937504291534424,4.519763,-0.254509,-0.24229,0.5780000000000001,0.11473370748005712,0.528,0.132187,0.672
1777354725.2739153,25.028018474578857,4.570983,-0.266795,-0.231084,0.579,0.11275523129985876,0.529,0.069122,0.7319999999999999
1777354725.3713112,25.12541437149048,4.622772,-0.278399,-0.21303,0.583,0.10877993877991543,0.533,0.0826,0.7319999999999999
1777354725.4637306,25.217833757400513,4.676308,-0.289084,-0.18898,0.595,0.09476535374002878,0.545,0.103492,0.741
1777354725.591177,25.345280170440674,4.70308,-0.293612,-0.167526,0.593,0.08571906122008546,0.543,0.111899,0.741
1777354725.6931992,25.44730234146118,4.755876,-0.301955,-0.151846,0.5840000000000001,0.08266906122008547,0.534,0.108849,0.757
1777354725.7829237,25.53702688217163,4.782222,-0.305795,-0.144721,0.5820000000000001,0.0816823537400288,0.532,0.090409,0.7570000000000001
1777354725.8662453,25.62034845352173,4.835871,-0.313043,-0.128527,0.5940000000000001,0.07944470748005711,0.544,0.096898,0.851
1777354725.9472723,25.701375484466553,4.890366,-0.319471,-0.11185,0.5500000000000002,0.0664921224401705,0.55,0.118852,0.8509999999999998
1777354726.0555062,25.809609413146973,4.918126,-0.321992,-0.090572,0.5570000000000002,0.05759847618019881,0.557,0.118685,-1
1777354726.1063194,25.860422611236572,4.945665,-0.324383,-0.086583,0.5530000000000002,0.05915012244017048,0.553,0.11151,-1
1777354726.198403,25.952506065368652,4.973403,-0.326673,-0.082389,0.4570000000000001,0.3805363265790652,0.557,0.092557,2.391
1777354726.2605927,26.01469588279724,5.000957,-0.328844,-0.07767,0.45300000000000007,0.3754379728390369,0.553,0.078732,2.3909999999999996
1777354726.320566,26.074669122695923,5.028567,-0.330879,-0.072635,0.45400000000000007,0.36054461909900853,0.554,0.055112,2.3909999999999996
1777354726.402444,26.15654706954956,5.083794,-0.334457,-0.060043,0.599,-0.06513569389957446,0.549,0.065764,2.5120000000000005
1777354726.493693,26.247796297073364,5.111072,-0.33592,-0.051893,0.5960000000000001,-0.05881898641951777,0.546,0.089534,2.512
1777354726.5942144,26.348317623138428,5.137993,-0.33592,0.0,0.5880000000000001,-0.07549415649929106,0.538,0.142672,2.4559999999999995
1777354726.6876807,26.441783905029297,5.164755,-0.33592,0.0,0.585,-0.07493138779914943,0.535,0.186868,2.4559999999999995
1777354726.7755551,26.529658317565918,5.217729,-0.335057,0.032575,0.5800000000000001,-0.06563232657906438,0.53,0.222347,2.298
1777354726.8652341,26.61933732032776,5.270692,-0.332257,0.05859,0.581,-0.06450709527920603,0.531,0.179839,2.298
1777354726.9470901,26.70119333267212,5.324958,-0.328401,0.07465,0.45100000000000007,0.20936646259971703,0.551,0.1221,1.8980000000000001
1777354727.1137564,26.867859601974487,5.35264,-0.326354,0.073844,0.45500000000000007,0.209671340159547,0.555,0.070045,1.8980000000000001
1777354727.2170422,26.971145391464233,5.407217,-0.322742,0.063036,0.44600000000000006,0.20071115649929194,0.546,-0.017455,1.7810000000000001
1777354727.3063903,27.06049346923828,5.461272,-0.319957,0.046905,0.43700000000000006,0.20897268031909355,0.537,-0.07028,1.781
1777354727.4087062,27.162809371948242,5.513086,-0.317621,0.04629,0.41400000000000003,0.2543700340591219,0.514,-0.016156,1.6459999999999997
1777354727.5008218,27.2549250125885,5.538776,-0.316329,0.053117,0.41400000000000003,0.2562627415391786,0.514,0.00319,1.6460000000000006
1777354727.6267843,27.380887508392334,5.564184,-0.314086,0.088053,0.41000000000000003,0.24201727893946198,0.51,0.076211,1.543
1777354727.7204769,27.47458004951477,5.614737,-0.308182,0.130585,0.406,0.2509048775598298,0.506,0.198545,1.543
1777354727.8105063,27.56460952758789,5.66478,-0.300016,0.176267,0.402,0.2421231224401701,0.502,0.294483,1.4290000000000005
1777354727.905637,27.659740209579468,5.68942,-0.295207,0.196378,0.402,0.2407761224401701,0.502,0.293136,1.429
1777354728.0171535,27.771256685256958,5.737064,-0.284498,0.233898,0.385,0.2100931836602551,0.485,0.288633,1.3290000000000004
1777354728.123601,27.87770414352417,5.760547,-0.277668,0.283058,0.389,0.13314001358048194,0.489,0.281493,1.2189999999999999
1777354728.2195835,27.973686695098877,5.807886,-0.262891,0.307747,0.395,0.1274602448803402,0.495,0.23218,1.2190000000000003
1777354728.3173928,28.07149600982666,5.855517,-0.247101,0.323704,0.402,0.12148347618019845,0.502,0.18257,1.2190000000000003
1777354728.4043524,28.15845561027527,5.878921,-0.239109,0.329608,0.5449999999999999,0.06953253740028384,0.495,0.156799,1.1329999999999993
1777354728.5057938,28.259896993637085,5.925445,-0.222921,0.337168,0.5449999999999999,0.06609041496011381,0.495,0.100997,1.1330000000000002
1777354728.6212668,28.375370025634766,5.948707,-0.214643,0.341907,0.544,0.03199676870014215,0.494,0.07563,1.052
1777354728.721916,28.476019144058228,5.995496,-0.19799,0.342218,0.554,0.03410470748005712,0.504,0.051558,0.9640000000000004
1777354728.8117833,28.56588649749756,6.019953,-0.189259,0.343481,0.569,0.03285270748005714,0.519,0.050306,0.9640000000000003
1777354728.9095843,28.663687467575073,6.070949,-0.170993,0.344146,0.5960000000000001,-0.12247863267948944,0.546,0.034601,0.8750000000000004
1777354728.9882572,28.74236035346985,6.123639,-0.152191,0.342748,0.5630000000000001,-0.10948304763960282,0.563,0.01269,0.8750000000000002
1777354729.1169193,28.87102246284485,6.150324,-0.142438,0.350396,0.5680000000000001,-0.1294699864195178,0.568,0.018883,0.8250000000000003
1777354729.2095263,28.963629484176636,6.203994,-0.122346,0.362996,0.5780000000000001,-0.13383321771937606,0.578,0.058153,0.8249999999999996
1777354729.3086474,29.062750577926636,6.231317,-0.111746,0.370087,0.5860000000000001,-0.14084851023931938,0.586,0.068591,0.7290000000000002
1777354729.3737192,29.127822399139404,6.286907,-0.089674,0.380195,0.551,-0.14836144901923437,0.601,0.087258,0.7289999999999999
1777354729.452767,29.206870079040527,6.314655,-0.078529,0.38177,0.5980000000000001,-0.15413186397934775,0.598,0.046581,0.7289999999999998
1777354729.502259,29.256362199783325,6.342844,-0.067266,0.379847,0.557,-0.15065257145940442,0.607,0.032607,0.7200000000000001
1777354729.589833,29.34393620491028,6.370931,-0.056254,0.373649,0.553,-0.14985698641951778,0.603,-0.001504,0.72
1777354729.6521547,29.40625786781311,6.398899,-0.045433,0.369193,0.55,-0.15165604763960278,0.6,-0.029483,0.71
1777354729.731925,29.48602819442749,6.426601,-0.03483,0.365538,0.5930000000000001,-0.1543577551196595,0.593,-0.049638,0.71
1777354729.7767856,29.53088879585266,6.454653,-0.024175,0.362983,0.55,-0.15340775511965948,0.6,-0.048688,0.7099999999999999
1777354729.8469632,29.60106635093689,6.483116,-0.013413,0.361343,0.559,-0.15034746259971615,0.609,-0.063081,0.76
1777354729.9722476,29.726350784301758,6.568202,0.018588,0.358287,0.555,-0.1537610476396028,0.605,-0.031588,0.7599999999999999
1777354730.0947647,29.848867893218994,6.596556,0.029228,0.358996,0.556,-0.16287469389957443,0.606,-0.031975,0.839
1777354730.1710732,29.92517638206482,6.624525,0.039796,0.361252,0.5980000000000001,-0.1707349864195178,0.598,-0.022382,0.839
1777354730.2124631,29.96656632423401,6.652551,0.050474,0.364028,0.55,-0.16572504763960277,0.6,-0.043552,0.839
1777354730.2740424,30.02814555168152,6.680589,0.061283,0.367979,0.551,-0.16462398641951775,0.601,-0.016271,0.8000000000000002
1777354730.3582382,30.11234140396118,6.709128,0.072455,0.373112,0.5630000000000001,-0.17142292519943275,0.613,0.00311,0.8
1777354730.40454,30.15864324569702,6.766871,0.095661,0.384753,0.5730000000000001,-0.1855098639793477,0.623,0.015203,0.8
1777354730.461793,30.215896129608154,6.795622,0.107398,0.388122,0.5710000000000001,-0.18429851023931937,0.621,0.025141,0.7729999999999999
1777354730.6184175,30.372520685195923,6.823908,0.119154,0.39386,0.5630000000000001,-0.19332486397934773,0.613,0.007388,0.8490000000000001
1777354730.681972,30.43607521057129,6.851885,0.130793,0.394267,0.556,-0.19258757145940442,0.606,-0.009328,0.8490000000000002
1777354730.7629714,30.517074584960938,6.90718,0.153708,0.392246,0.5990000000000001,-0.2048922789394611,0.599,-0.039086,0.849
1777354730.8207498,30.57485294342041,6.93476,0.165099,0.39167,0.5970000000000001,-0.2076662789394611,0.597,-0.04186,0.8489999999999999
1777354730.8799267,30.634029865264893,6.962451,0.17651,0.391005,0.5990000000000001,-0.2055389864195178,0.599,-0.057186,0.8490000000000002
1777354730.9301994,30.68430256843567,6.990399,0.187987,0.389678,0.554,-0.2058362789394611,0.604,-0.04003,0.8489999999999999
1777354731.0077822,30.761885404586792,7.01903,0.199704,0.388177,0.5690000000000001,-0.2059620476396028,0.619,-0.083789,0.849
1777354731.1261926,30.880295753479004,7.047526,0.211249,0.384921,0.5650000000000001,-0.2085623401595461,0.615,-0.068936,0.8489999999999998
1777354731.1873536,30.94145679473877,7.075735,0.22256,0.381343,0.558,-0.20758569389957449,0.608,-0.076686,0.8490000000000002
1777354731.245095,30.99919819831848,7.103933,0.23371,0.376568,0.556,-0.20767110885968781,0.606,-0.111678,0.8490000000000002
1777354731.304638,31.058741092681885,7.161047,0.256119,0.372485,0.5640000000000001,-0.21420404763960277,0.614,-0.092031,0.849
1777354731.3675897,31.121692895889282,7.189856,0.267338,0.37096,0.5680000000000001,-0.21277498641951775,0.618,-0.064422,0.8490000000000001
1777354731.438729,31.192832231521606,7.218637,0.278542,0.370957,0.5680000000000001,-0.21611663267948944,0.618,-0.059037,0.8490000000000001
1777354731.4929137,31.24701690673828,7.247416,0.28967,0.368948,0.5670000000000001,-0.22163227893946108,0.617,-0.055826,0.849
1777354731.6223686,31.376471757888794,7.276367,0.30064,0.362219,0.5690000000000001,-0.22488327893946108,0.619,-0.059077,0.849
1777354731.6700737,31.424176931381226,7.30515,0.311413,0.357228,0.5650000000000001,-0.22631763267948946,0.615,-0.069238,-1
1777354731.6960971,31.45020031929016,7.333843,0.321977,0.352766,0.562,-0.22640804763960276,0.612,-0.104235,-1
1777354731.765423,31.51952624320984,7.362477,0.332336,0.347138,0.559,-0.22413604763960282,0.609,-0.101963,-1
1777354731.8093565,31.563459634780884,7.391087,0.342529,0.342238,0.557,-0.22746640137963114,0.607,-0.11402,-1
1777354731.8615043,31.615607500076294,7.419883,0.352608,0.336698,0.56,-0.22481075511965948,0.61,-0.120091,-1
1777354731.9282787,31.682381868362427,7.44899,0.362623,0.330029,0.5660000000000001,-0.22539440137963113,0.616,-0.111948,-1
1777354731.962846,31.716949224472046,7.478152,0.372484,0.325104,0.5660000000000001,-0.23248934015954614,0.616,-0.092863,-1
1777354732.106876,31.860979080200195,7.507295,0.381701,0.306325,0.561,-0.2236870476396028,0.611,-0.101514,-1
1777354732.170122,31.924225091934204,7.536233,0.390533,0.294047,0.555,-0.21927875511965944,0.605,-0.114559,-1
1777354732.1961389,31.950242042541504,7.565223,0.399091,0.284976,0.555,-0.21672981633974453,0.605,-0.13819,-1
1777354732.269584,32.02368712425232,7.594116,0.407232,0.274665,0.55,-0.21286423129985788,0.6,-0.169231,-1
1777354732.3330564,32.087159633636475,7.622576,0.414979,0.263658,0.5900000000000001,-0.2230475238198012,0.59,-0.161961,-1
1777354732.3649414,32.11904454231262,7.651298,0.422545,0.256342,0.5940000000000001,-0.22583217007977285,0.594,-0.156019,-1
1777354732.4610178,32.215121030807495,7.680036,0.429933,0.250272,0.493,0.1543936190990085,0.593,-0.151039,0.7769999999999992
1777354732.4986272,32.25273036956787,7.709142,0.437227,0.243294,0.5,0.15620661909900857,0.6,-0.149226,0.7770000000000006
1777354732.6261976,32.380300760269165,7.73842,0.44424,0.235125,0.502,0.18607761909900855,0.602,-0.119355,0.777
1777354732.702242,32.456345081329346,7.767574,0.451031,0.228845,0.499,0.20738461909900852,0.599,-0.098048,0.7769999999999998
1777354732.746465,32.500568151474,7.79684,0.457668,0.223003,0.5,0.19415261909900855,0.6,-0.11128,0.7769999999999996
1777354732.8055422,32.55964541435242,7.825676,0.464009,0.215477,0.49,0.21359461909900856,0.59,-0.091838,0.7770000000000006
1777354732.8660028,32.62010598182678,7.854397,0.470199,0.211978,0.488,0.22746761909900853,0.588,-0.077965,0.7770000000000004
1777354732.9249365,32.67903971672058,7.882447,0.476265,0.213686,0.474,0.2508566190990085,0.574,-0.054576,0.7770000000000005
1777354732.999707,32.75381016731262,7.93779,0.488823,0.230193,0.46699999999999997,0.35585161909900853,0.567,0.050419,0.7769999999999996
1777354733.1326702,32.886773347854614,7.964886,0.496284,0.268709,0.4620000000000001,-0.1983122653589793,0.562,0.115847,-1
1777354733.1856134,32.93971657752991,7.991441,0.504079,0.28552,0.45400000000000007,-0.1373142653589793,0.554,0.176845,-1
1777354733.2160401,32.97014331817627,8.017851,0.512321,0.305999,0.45300000000000007,-0.1033692653589793,0.553,0.21079,-1
1777354733.292548,33.046651124954224,8.043432,0.520895,0.323406,0.44000000000000006,-0.08295426535897932,0.54,0.231205,-1
1777354733.3565636,33.11066675186157,8.068583,0.529794,0.340047,0.43400000000000005,-0.0826062653589793,0.534,0.231553,-1
1777354733.417616,33.17171907424927,8.09299,0.538831,0.357592,0.42100000000000004,-0.10857326535897932,0.521,0.205586,-1
1777354733.48337,33.237473249435425,8.141068,0.557476,0.374789,0.41300000000000003,-0.16562726535897931,0.513,0.148532,-1
1777354733.649948,33.404051065444946,8.164875,0.566817,0.373928,0.41200000000000003,-0.22572226535897932,0.512,0.088437,-1
1777354733.699601,33.45370411872864,8.188476,0.575918,0.368056,0.406,-0.28068426535897933,0.506,0.033475,-1
1777354733.7610762,33.51517939567566,8.211913,0.584724,0.359417,0.501,-0.34442926535897933,0.501,-0.03027,-1
1777354733.8267188,33.5808219909668,8.258502,0.601378,0.337428,0.5449999999999999,-0.37619338779914935,0.495,-0.114394,-1
1777354733.8877845,33.64188766479492,8.28153,0.609122,0.321269,0.536,-0.37074015649929104,0.486,-0.152574,-1
1777354733.9531124,33.707215547561646,8.304942,0.616498,0.305211,0.5409999999999999,-0.3683329251994327,0.491,-0.1938,-1
1777354734.0410612,33.795164346694946,8.328668,0.623575,0.289877,0.5449999999999999,-0.3660676938995745,0.495,-0.235168,-1
1777354734.14286,33.896963119506836,8.352855,0.629642,0.245761,0.5489999999999999,-0.3543347551196595,0.499,-0.249615,-1
1777354734.1984613,33.95256447792053,8.37794,0.635552,0.231373,0.565,-0.35925440137963116,0.515,-0.245808,-1
1777354734.2582748,34.012377977371216,8.403469,0.641195,0.214613,0.573,-0.3667370476396028,0.523,-0.244564,-1
1777354734.330127,34.084230184555054,8.429697,0.646624,0.201469,0.5860000000000001,-0.3745926938995744,0.536,-0.243693,-1
1777354734.3876767,34.14177989959717,8.482817,0.656414,0.174125,0.547,-0.3532580476396028,0.547,-0.231085,-1
1777354734.435437,34.18954014778137,8.510093,0.660811,0.156669,0.5530000000000002,-0.35643104763960276,0.553,-0.234258,-1
1777354734.4990835,34.25318670272827,8.537462,0.664787,0.141305,0.5030000000000001,-0.3310501088596878,0.553,-0.235057,-1
1777354734.6423483,34.396451473236084,8.565205,0.667609,0.10137,0.5080000000000001,-0.3181951700797728,0.558,-0.248382,-1
1777354734.6963298,34.450433015823364,8.592576,0.669907,0.08376,0.49900000000000005,-0.3147571700797729,0.549,-0.244944,-1
1777354734.7556787,34.50978183746338,8.620416,0.67191,0.071837,0.5080000000000001,-0.3233278775598295,0.558,-0.270968,-1
1777354734.8226802,34.576783418655396,8.648007,0.673626,0.062094,0.45300000000000007,-0.3029901700797728,0.553,-0.233177,-1
1777354734.8872137,34.64131689071655,8.703383,0.676433,0.04689,0.45200000000000007,-0.30403669389957444,0.552,-0.173137,-1
1777354734.9437158,34.697818994522095,8.730823,0.677498,0.037346,0.44900000000000007,-0.3089566938995745,0.549,-0.178057,-1
1777354735.0007365,34.75483965873718,8.758326,0.678369,0.029769,0.45000000000000007,-0.31944527893946106,0.55,-0.153639,-1
1777354735.179177,34.93328022956848,8.785473,0.678369,0.0,0.593,0.14363461909900854,0.543,-0.161798,0.4439999999999996
1777354735.2608273,35.01493048667908,8.811908,0.678369,0.0,0.579,0.1503476190990085,0.529,-0.155085,0.4439999999999996
1777354735.3607302,35.11483335494995,8.863773,0.676878,-0.035355,0.567,0.11277461909900854,0.517,-0.192658,0.44400000000000045
1777354735.4182374,35.172340631484985,8.91487,0.674207,-0.057505,0.41500000000000004,-0.30505069389957445,0.515,-0.174151,-1
1777354735.4778953,35.231998443603516,8.940557,0.672619,-0.061772,0.41500000000000004,-0.31093792519943275,0.515,-0.136405,-1
1777354735.5368023,35.290905475616455,8.966285,0.671036,-0.06145,0.41600000000000004,-0.3223768027592627,0.516,-0.095484,-1
1777354735.6537395,35.4078426361084,8.992289,0.669896,-0.043792,0.42100000000000004,-0.3407212653589793,0.521,-0.026562,-1
1777354735.695017,35.44912028312683,9.018031,0.668917,-0.03802,0.41500000000000004,-0.3037532653589793,0.515,0.010406,-1
1777354735.7671692,35.52127242088318,9.043809,0.668045,-0.033513,0.41600000000000004,-0.3068752653589793,0.516,0.007284,-1
1777354735.8262446,35.580347776412964,9.069058,0.667188,-0.034423,0.405,-0.3232752653589793,0.505,-0.009116,-1
1777354735.8891044,35.64320755004883,9.094077,0.66627,-0.038056,0.401,-0.32913268031909265,0.501,-0.04988,-1
1777354735.950767,35.70487022399902,9.142868,0.663795,-0.056766,0.387,-0.32667986397934773,0.487,-0.125967,-1
1777354736.0071998,35.76130294799805,9.166697,0.662141,-0.072238,0.378,-0.3425135714594044,0.478,-0.159254,-1
1777354736.1824925,35.93659567832947,9.190202,0.659569,-0.109003,0.373,-0.3038334013796311,0.473,-0.190387,-1
1777354736.2305796,35.98468279838562,9.213584,0.656567,-0.127693,0.371,-0.2709228775598296,0.471,-0.218563,-1
1777354736.3137512,36.06785440444946,9.259703,0.649564,-0.158472,0.365,-0.24057735374002787,0.465,-0.249304,-1
1777354736.3639903,36.118093490600586,9.282609,0.645546,-0.173635,0.365,-0.22083106122008456,0.465,-0.247011,-1
1777354736.4266834,36.18078660964966,9.305071,0.641207,-0.190815,0.358,-0.2192260612200846,0.458,-0.245406,-1
1777354736.4892242,36.243327379226685,9.327574,0.636512,-0.208489,0.36,-0.19192312244016962,0.46,-0.244283,-1
1777354736.5523012,36.30640435218811,9.349774,0.631562,-0.221809,0.355,-0.19295241496011295,0.455,-0.227859,-1
1777354736.691014,36.445117235183716,9.371448,0.626,-0.251189,0.348,-0.17425141496011287,0.448,-0.209158,-1
1777354736.7784963,36.532599449157715,9.413747,0.614634,-0.265756,0.33799999999999997,-0.17643499999999956,0.438,-0.176435,-1
1777354736.8328736,36.586976766586304,9.434584,0.60885,-0.271594,0.33199999999999996,-0.1781159387799145,0.432,-0.151936,-1
1777354736.8932667,36.64736986160278,9.455145,0.603073,-0.274433,0.32699999999999996,-0.18194152381980117,0.427,-0.120855,-1
1777354736.962323,36.7164261341095,9.475877,0.597202,-0.276134,0.33099999999999996,-0.17763781633974451,0.431,-0.099098,-1
1777354737.0212014,36.775304555892944,9.516925,0.585579,-0.275881,0.32999999999999996,-0.18940869389957443,0.43,-0.058509,-1
1777354737.1814091,36.93551230430603,9.537371,0.57977,-0.276833,0.32499999999999996,-0.20296763267948942,0.425,-0.045888,-1
1777354737.234646,36.988749265670776,9.557696,0.573876,-0.282271,0.32299999999999995,-0.20890498641951777,0.423,-0.060552,-1
1777354737.2939172,37.048020362854004,9.577742,0.567924,-0.288612,0.5179999999999999,-0.3707612653589793,0.418,-0.056602,-1
1777354737.3672228,37.121325969696045,9.597699,0.561856,-0.295172,0.5169999999999999,-0.3972792653589793,0.417,-0.08312,-1
1777354737.425055,37.179158210754395,9.636755,0.549465,-0.311624,0.5109999999999999,-0.42883626535897934,0.411,-0.114677,-1
1777354737.492504,37.246607065200806,9.656096,0.542964,-0.327004,0.5079999999999999,-0.4814312653589793,0.408,-0.167272,-1
1777354737.546397,37.30050015449524,9.675323,0.536202,-0.341301,0.5079999999999999,-0.5023262653589793,0.408,-0.188167,-1
1777354737.6861482,37.44025135040283,9.694709,0.528272,-0.388295,0.5189999999999999,-0.5467022653589793,0.419,-0.232543,-1
1777354737.7451146,37.49921774864197,9.714632,0.519711,-0.405883,0.5339999999999999,-0.5906622653589793,0.434,-0.276503,-1
1777354737.797824,37.55192708969116,9.735,0.510531,-0.426857,0.5469999999999999,-0.5947092653589794,0.447,-0.28055,-1
1777354737.864269,37.618372201919556,9.755664,0.500787,-0.444264,0.5569999999999999,-0.6100512653589794,0.457,-0.295892,-1
1777354737.9319522,37.686055421829224,9.776469,0.49052,-0.461881,0.564,-0.6207912653589793,0.464,-0.306632,-1
1777354737.9828537,37.73695683479309,9.818296,0.468225,-0.502734,0.5289999999999999,-0.6210622653589792,0.479,-0.306903,-1
1777354738.0405989,37.79470205307007,9.839234,0.456255,-0.523193,0.532,-0.6304892653589793,0.482,-0.31633,-1
