time,travel_time,x,y,yaw,v_cmd,omega_cmd,v_actual,omega_actual,min_obstacle_dist
1777355446.643642,10.148688077926636,-0.001328,0.0,0.0,0.05000000000000002,4.440892098500626e-16,-0.0,0.0,-1
1777355446.708402,10.21344804763794,-0.001328,0.0,0.0,0.05000000000000002,4.440892098500626e-16,-0.0,0.0,-1
1777355446.7721212,10.277167320251465,-0.001328,0.0,0.0,0.05000000000000002,4.440892098500626e-16,-0.0,0.0,-1
1777355446.817674,10.322720050811768,-0.001328,0.0,0.0,0.05000000000000002,4.440892098500626e-16,-0.0,0.0,-1
1777355446.8637924,10.368838548660278,-0.000439,0.0,0.0,0.06800000000000002,-0.003774292519942879,0.018,0.013679,-1
1777355446.9627056,10.467751741409302,0.003096,0.0,0.0,0.08600000000000002,-0.0010364149601129191,0.036,-0.035943,-1
1777355447.0134711,10.518517255783081,0.005083,0.0,0.0,0.09000000000000002,-0.003482183660254601,0.04,-0.082022,-1
1777355447.1550438,10.66008996963501,0.00734,-9.4e-05,-0.041566,0.09500000000000001,0.015368340159547023,0.045,-0.124258,-1
1777355447.1952584,10.700304508209229,0.009658,-0.000216,-0.052795,0.09600000000000002,0.021964278939461956,0.046,-0.143842,-1
1777355447.2426999,10.747745990753174,0.012031,-0.000372,-0.065634,0.09800000000000002,0.024571571459405306,0.048,-0.158688,-1
1777355447.293136,10.798182010650635,0.014443,-0.000563,-0.078805,0.09800000000000002,0.022906217719376953,0.048,-0.16908,-1
1777355447.3613148,10.866360902786255,0.016129,-0.000715,-0.091937,0.08400000000000002,0.029996986419518645,0.034,-0.118356,-1
1777355447.4284585,10.933504581451416,0.017677,-0.000866,-0.098437,0.08100000000000002,0.03707298641951867,0.031,-0.11128,-1
1777355447.4779036,10.98294973373413,0.01876,-0.000975,-0.100055,0.07200000000000001,0.035550401379632,0.022,-0.077896,-1
1777355447.5164168,11.02146291732788,0.019518,-0.001051,-0.098936,0.06500000000000002,0.03273946259971705,0.015,-0.054527,-1
1777355447.658709,11.163755178451538,0.020049,-0.001101,-0.095289,0.06100000000000001,0.031644170079773715,0.011,-0.038169,-1
1777355447.7018073,11.20685338973999,0.02042,-0.001137,-0.095583,0.05700000000000002,0.034368523819802044,0.007,-0.026718,-1
1777355447.765618,11.27066421508789,0.020681,-0.001162,-0.095582,0.05500000000000002,0.03365687755983038,0.005,-0.018703,-1
1777355447.82684,11.331886053085327,0.020863,-0.001179,-0.095582,0.05400000000000002,0.03054123129985875,0.004,-0.013092,-1
1777355447.9281094,11.433155536651611,0.021358,-0.001228,-0.097819,0.06000000000000001,0.032218170079773734,0.01,-0.037595,3.678
1777355448.0244193,11.529465436935425,0.02327,-0.001431,-0.109759,0.07000000000000002,0.03614440137963204,0.02,-0.077302,3.678
1777355448.078347,11.583393096923828,0.024523,-0.001576,-0.11743,0.07500000000000001,0.04286934015954702,0.025,-0.096757,-1
1777355448.1757495,11.680795669555664,0.025591,-0.001715,-0.129607,0.07200000000000001,0.03944304763960371,0.022,-0.08273,-1
1777355448.2411342,11.746180295944214,0.02634,-0.001809,-0.124981,0.06500000000000002,0.03808210885968871,0.015,-0.057911,-1
1777355448.2930574,11.79810357093811,0.026864,-0.001872,-0.119656,0.06100000000000001,0.038001816339745365,0.011,-0.040538,-1
1777355448.3640573,11.86910343170166,0.027489,-0.001943,-0.110982,0.05500000000000002,0.041223523819802044,0.005,-0.019863,-1
1777355448.4184573,11.923503398895264,0.027669,-0.001963,-0.107744,0.05400000000000002,0.038455877559830376,0.004,-0.013904,-1
1777355448.4684482,11.973494291305542,0.028502,-0.002052,-0.106023,0.06700000000000002,0.03390023129985875,0.017,-0.009733,-1
1777355448.5102162,12.015262365341187,0.029806,-0.002191,-0.106338,0.07600000000000001,0.03682023129985873,0.026,-0.006813,-1
1777355448.7116065,12.216652631759644,0.032262,-0.002428,-0.096416,0.09900000000000002,0.03254629251994379,0.049,0.015093,3.8609999999999998
1777355448.7931225,12.298168659210205,0.040933,-0.003217,-0.089202,0.14600000000000002,0.03268735374002879,0.096,0.041414,3.8609999999999998
1777355448.8937387,12.398784875869751,0.052376,-0.004241,-0.089508,0.169,0.031972938779915416,0.119,0.005793,3.861
1777355448.976751,12.481797218322754,0.058966,-0.004826,-0.088488,0.18200000000000002,0.027281646259972092,0.132,0.018555,3.861
1777355449.0766566,12.581702709197998,0.074281,-0.006182,-0.088692,0.21200000000000002,0.026545292519943753,0.162,0.009092,3.861
1777355449.231121,12.736167192459106,0.083044,-0.006919,-0.083928,0.276,0.025090646259972094,0.176,0.016364,3.861
1777355449.2829373,12.787983417510986,0.102606,-0.008487,-0.078103,0.30200000000000005,0.02547129251994379,0.202,0.008018,-1
1777355449.3231597,12.828205823898315,0.113209,-0.009303,-0.076351,0.26299999999999996,0.028838646259972123,0.213,0.020112,-1
1777355449.380947,12.885993242263794,0.124206,-0.010106,-0.070979,0.27099999999999996,0.028578000000000436,0.221,0.028578,-1
1777355449.4506567,12.955702781677246,0.135779,-0.010881,-0.06623,0.282,0.025493353740028812,0.232,0.03422,-1
1777355449.5191588,13.024204969406128,0.148398,-0.01166,-0.05991,0.30300000000000005,0.018046414960113832,0.253,0.052953,-1
1777355449.5904381,13.095484256744385,0.161849,-0.012379,-0.051827,0.31900000000000006,0.01862647618019883,0.269,0.079713,-1
1777355449.6958632,13.20090937614441,0.176971,-0.012379,0.0,0.402,0.0007405986203688486,0.302,0.114187,-1
1777355449.7604187,13.265464782714844,0.1934,-0.012379,0.0,0.42900000000000005,0.00125695236039719,0.329,0.12343,-1
1777355449.8142564,13.319302558898926,0.210555,-0.012379,0.0,0.44300000000000006,0.004773659840453887,0.343,0.1444,-1
1777355449.881241,13.386287212371826,0.24674,-0.011877,0.029288,0.417,-0.012375632679489434,0.367,0.144704,-1
1777355449.9404583,13.445504426956177,0.265411,-0.011266,0.033845,0.424,-0.015106693899574475,0.374,0.115793,-1
1777355449.9967,13.50174617767334,0.284318,-0.010575,0.037159,0.428,-0.009164755119659473,0.378,0.095555,-1
1777355450.0581117,13.563157796859741,0.303768,-0.009809,0.03989,0.439,-0.017424170079772816,0.389,0.052389,-1
1777355450.192353,13.697399139404297,0.323679,-0.008963,0.042467,0.449,-0.011669231299857863,0.399,0.031964,-1
1777355450.2404954,13.7455415725708,0.343893,-0.008081,0.04371,0.455,-0.012531585039886217,0.405,0.022375,-1
1777355450.323892,13.828938245773315,0.36474,-0.007132,0.045472,0.5169999999999999,-0.015732292519942903,0.417,0.001721,-1
1777355450.3814483,13.886494398117065,0.386397,-0.006182,0.043873,0.5339999999999999,-0.012737999999999583,0.434,-0.012738,-1
1777355450.4649036,13.969949722290039,0.431061,-0.004202,0.045384,0.5499999999999999,-0.017921938779914548,0.45,0.008258,-1
1777355450.5159674,14.021013498306274,0.454085,-0.003128,0.046626,0.5609999999999999,-0.015446585039886218,0.461,0.01946,-1
1777355450.6188645,14.123910665512085,0.477081,-0.002038,0.047386,0.36,-0.021284585039886172,0.46,0.013622,3.111
1777355450.729626,14.23467206954956,0.500683,-0.000927,0.047035,0.373,-0.01664493877991452,0.473,0.009535,3.111
1777355450.7944927,14.299538850784302,0.549325,0.001352,0.047311,0.542,-0.015626999999999558,0.492,-0.015627,-1
1777355450.8529127,14.357958793640137,0.573998,0.002529,0.047667,0.544,-0.019665646259971192,0.494,-0.010939,-1
1777355450.9197316,14.424777746200562,0.598798,0.003763,0.049722,0.5469999999999999,-0.01638364625997124,0.497,-0.007657,-1
1777355451.0197015,14.524747610092163,0.648327,0.006296,0.050848,0.4,-0.016469646259971216,0.5,-0.007743,2.849
1777355451.1045568,14.609602928161621,0.673713,0.007612,0.051825,0.40800000000000003,-0.022873292519942856,0.508,-0.00542,2.8489999999999993
1777355451.2309685,14.736014604568481,0.699494,0.00895,0.051832,0.41600000000000004,-0.019690938779914513,0.516,0.006489,2.7559999999999993
1777355451.3558555,14.860901594161987,0.75122,0.011568,0.050515,0.42200000000000004,-0.025065646259971208,0.522,-0.016339,2.756
1777355451.4239712,14.929017305374146,0.803147,0.014204,0.051674,0.569,-0.022505999999999582,0.519,-0.022506,-1
1777355451.4811416,14.98618769645691,0.829254,0.015584,0.053503,0.573,-0.024480646259971206,0.523,-0.015754,-1
1777355451.5617943,15.066840410232544,0.881679,0.018678,0.062378,0.5780000000000001,-0.025306523819801197,0.528,0.03578,-1
1777355451.7026803,15.20772647857666,0.908399,0.020685,0.074974,0.5860000000000001,-0.027313877559829502,0.536,0.025046,-1
1777355451.795306,15.300352096557617,0.935018,0.022795,0.079359,0.5840000000000001,-0.2475056803190927,0.534,0.031747,2.411
1777355451.8955417,15.400587797164917,0.988345,0.027037,0.078636,0.583,-0.24990938779914934,0.533,0.01189,2.411
1777355451.9836414,15.488687515258789,1.041381,0.031021,0.073336,0.5860000000000001,-0.27655409527920605,0.536,-0.032208,2.291
1777355452.0783327,15.583378791809082,1.067804,0.03292,0.071751,0.5800000000000001,-0.281391095279206,0.53,-0.037045,2.291
1777355452.1842072,15.689253330230713,1.094414,0.034793,0.069787,0.5840000000000001,-0.30095915649929106,0.534,-0.082793,2.15
1777355452.276077,15.781123161315918,1.148845,0.038082,0.056539,0.599,-0.313108156499291,0.549,-0.094942,2.15
1777355452.3372548,15.84230089187622,1.176904,0.039434,0.048174,0.5620000000000002,-0.2915455714594044,0.562,-0.108286,2.047
1777355452.3911088,15.896154880523682,1.204679,0.040497,0.038247,0.5560000000000002,-0.2810139864195178,0.556,-0.132661,2.0469999999999997
1777355452.4512393,15.95628547668457,1.232442,0.041248,0.025121,0.5550000000000002,-0.28386198641951776,0.555,-0.135509,2.047
1777355452.5091922,16.014238357543945,1.26024,0.041248,0.0,0.5560000000000002,-0.28542404763960283,0.556,-0.163251,2.047
1777355452.5782852,16.08333134651184,1.315215,0.041248,0.0,0.5510000000000002,-0.28328752381980116,0.551,-0.222201,1.9239999999999997
1777355452.7310195,16.23606562614441,1.343004,0.040194,-0.037937,0.5560000000000002,-0.28699881633974444,0.556,-0.208459,1.9240000000000002
1777355452.7894244,16.29447054862976,1.370627,0.039042,-0.041661,0.5530000000000002,-0.23436552381980114,0.553,-0.173279,1.8119999999999996
1777355452.867574,16.372620105743408,1.427159,0.036673,-0.042444,0.5600000000000002,-0.24688304763960278,0.56,-0.12471,1.812
1777355452.9245734,16.429619550704956,1.454828,0.035405,-0.04612,0.5540000000000002,-0.23269669389957448,0.554,-0.101797,1.812
1777355452.980655,16.485701084136963,1.482316,0.034087,-0.047881,0.5500000000000002,-0.21961098641951776,0.55,-0.071258,1.728
1777355453.0577893,16.562835454940796,1.509841,0.032731,-0.049228,0.5510000000000002,-0.21850634015954612,0.551,-0.07888,1.728
1777355453.135565,16.640611171722412,1.537576,0.031296,-0.051723,0.5550000000000002,-0.1772548163397445,0.555,-0.098715,1.608
1777355453.2555957,16.7606418132782,1.564751,0.029762,-0.05636,0.5940000000000001,-0.18678546259971618,0.544,-0.099519,1.608
1777355453.3534386,16.858484745025635,1.61822,0.026658,-0.057872,0.585,-0.1551878163397445,0.535,-0.076648,1.494
1777355453.4402487,16.945294857025146,1.671576,0.023545,-0.058681,0.5900000000000001,-0.14947346259971617,0.54,-0.062207,1.4940000000000002
1777355453.5436225,17.04866862297058,1.72549,0.020326,-0.061125,0.5900000000000001,-0.15109746259971613,0.54,-0.063831,1.494
1777355453.6224148,17.127460956573486,1.752474,0.01863,-0.063484,0.591,-0.14067410885968779,0.541,-0.044681,1.4049999999999998
1777355453.7466998,17.25174593925476,1.779348,0.016616,-0.074828,0.589,-0.11302787755982951,0.539,-0.060668,1.3229999999999997
1777355453.836677,17.341723203659058,1.833212,0.011734,-0.093869,0.589,-0.11087170748005626,0.539,-0.128325,1.3229999999999997
1777355453.9099,17.41494607925415,1.860421,0.008952,-0.101875,0.597,-0.10080470748005621,0.547,-0.118258,1.3229999999999997
1777355454.0058918,17.510937929153442,1.914739,0.002821,-0.11823,0.5980000000000001,-0.030755891140311298,0.548,-0.126749,1.223
1777355454.0809412,17.585987329483032,1.970597,-0.004395,-0.133933,0.5660000000000001,-0.060468476180197905,0.566,-0.121555,1.2229999999999999
1777355454.2307203,17.735766410827637,1.998808,-0.008733,-0.15256,0.5710000000000001,0.034456986419518665,0.571,-0.113896,1.123
1777355454.2987475,17.80379366874695,2.027131,-0.013238,-0.157732,0.5740000000000001,0.03201534015954699,0.574,-0.107611,1.1230000000000002
1777355454.369321,17.874367237091064,2.055304,-0.017912,-0.165802,0.5710000000000001,0.055705925199433626,0.571,-0.118827,1.074
1777355454.4545374,17.959583520889282,2.111031,-0.027439,-0.169961,0.5610000000000002,0.06252469389957532,0.561,-0.068375,1.074
1777355454.5217378,18.02678394317627,2.138807,-0.032087,-0.165811,0.5630000000000001,0.0620731088596887,0.563,-0.03392,0.9949999999999999
1777355454.5861266,18.091172695159912,2.166657,-0.036601,-0.160655,0.5640000000000001,0.05704587755983043,0.564,0.004686,0.9950000000000001
1777355454.6512558,18.156301975250244,2.193991,-0.040882,-0.154275,0.5530000000000002,0.0584599387799154,0.553,0.03228,0.9949999999999999
1777355454.7454505,18.25049662590027,2.221308,-0.044631,-0.136372,0.5510000000000002,0.05332435374002881,0.551,0.062051,0.9670000000000001
1777355454.8065844,18.311630487442017,2.248671,-0.048209,-0.130022,0.5520000000000002,0.046255061220085464,0.552,0.072435,0.9670000000000001
1777355454.89279,18.397836208343506,2.275758,-0.051538,-0.122313,0.5960000000000001,0.052408061220085456,0.546,0.078588,0.9670000000000002
1777355454.9685857,18.473631858825684,2.329812,-0.057707,-0.109465,0.593,0.04673006122008547,0.543,0.07291,0.9319999999999999
1777355455.0742278,18.57927393913269,2.383295,-0.063135,-0.096583,0.5860000000000001,0.039769414960113825,0.536,0.074676,0.932
1777355455.1556926,18.660738706588745,2.410621,-0.065634,-0.091197,0.599,0.040308061220085456,0.549,0.066488,0.893
1777355455.2850902,18.790136337280273,2.438334,-0.067675,-0.0735,0.5560000000000002,0.03290776870014214,0.556,0.076541,0.893
1777355455.3592322,18.864278316497803,2.494248,-0.071391,-0.064477,0.5660000000000001,0.02514847618019883,0.566,0.086235,0.896
1777355455.4172363,18.922282457351685,2.522859,-0.073137,-0.060847,0.5730000000000001,0.02250412244017047,0.573,0.074864,0.896
1777355455.477522,18.98256802558899,2.551754,-0.074836,-0.058733,0.5790000000000001,0.02973635374002881,0.579,0.038463,0.896
1777355455.52717,19.03221607208252,2.609609,-0.07807,-0.054053,0.5840000000000001,0.027573646259972107,0.584,0.018847,-1
1777355455.581245,19.086291074752808,2.638683,-0.079573,-0.050927,0.5820000000000001,0.027408000000000432,0.582,0.027408,-1
1777355455.7500331,19.25507926940918,2.667878,-0.080918,-0.04603,0.5850000000000001,0.020322353740028776,0.585,0.029049,-1
1777355455.803434,19.30848002433777,2.696987,-0.082361,-0.04954,0.5830000000000001,0.02357229251994375,0.583,0.006119,-1
1777355455.8376105,19.34265661239624,2.726402,-0.083922,-0.053031,0.5890000000000001,0.024974585039887087,0.589,-0.009932,-1
1777355455.8684337,19.37347984313965,2.75551,-0.085564,-0.056334,0.5830000000000001,0.026776523819802056,0.583,-0.03431,-1
1777355455.918972,19.424018144607544,2.784368,-0.087295,-0.059909,0.5780000000000001,0.02609181633974539,0.578,-0.052448,-1
1777355455.9969804,19.502026557922363,2.81305,-0.089067,-0.061715,0.5750000000000001,0.024373523819802068,0.575,-0.036713,-1
1777355456.0580244,19.56307053565979,2.842158,-0.090879,-0.062171,0.5830000000000001,0.026660877559830376,0.583,-0.025699,-1
1777355456.138203,19.643249034881592,2.871205,-0.09264,-0.060536,0.482,0.27322761909900856,0.582,-0.032205,1.8350000000000004
1777355456.2779741,19.78302025794983,2.900365,-0.094033,-0.047727,0.484,0.31373961909900855,0.584,0.008307,1.835
1777355456.35339,19.858436107635498,2.957937,-0.096219,-0.03463,0.477,0.38478961909900855,0.577,0.079357,1.642
1777355456.4131737,19.918219804763794,2.986598,-0.096976,-0.024364,0.473,0.40448161909900854,0.573,0.099049,1.642
1777355456.4884818,19.99352788925171,3.014798,-0.096976,0.0,0.46399999999999997,0.4316286190990085,0.564,0.126196,1.642
1777355456.5453749,20.050420999526978,3.069908,-0.096976,0.0,0.595,0.008330721060538893,0.545,0.174137,-1
1777355456.5911782,20.096224308013916,3.096791,-0.096285,0.029383,0.5880000000000001,-0.005469510239319547,0.538,0.20397,-1
1777355456.7928445,20.297890663146973,3.12339,-0.094106,0.081749,0.43400000000000005,0.5344819728390359,0.534,0.237776,1.3829999999999996
1777355456.8629699,20.368016004562378,3.177717,-0.087806,0.125345,0.45000000000000007,0.5419600952792061,0.55,0.297614,1.3829999999999998
1777355456.9351625,20.440208673477173,3.204652,-0.083995,0.140556,0.44400000000000006,0.4888465102393194,0.544,0.279407,1.272
1777355457.0430708,20.54811692237854,3.257658,-0.075656,0.161703,0.43300000000000005,0.470453034059121,0.533,0.199927,1.2719999999999996
1777355457.1314335,20.63647961616516,3.283658,-0.071217,0.170708,0.42800000000000005,0.4190674490192344,0.528,0.183448,1.1499999999999995
1777355457.2171538,20.7221999168396,3.309103,-0.066631,0.180662,0.41700000000000004,0.403441156499291,0.517,0.185275,1.1500000000000001
1777355457.3162775,20.82132363319397,3.334086,-0.060984,0.222295,0.41200000000000003,0.36788863267948957,0.512,0.210809,1.043
1777355457.4061916,20.911237716674805,3.382455,-0.048539,0.266559,0.401,0.33824087755982984,0.501,0.285881,1.0430000000000004
1777355457.502929,21.007975101470947,3.429404,-0.034278,0.310457,0.389,0.3481786462599716,0.489,0.339452,1.0429999999999997
1777355457.597131,21.102177143096924,3.474982,-0.018022,0.352605,0.381,0.30627341496011334,0.481,0.34118,0.9590000000000003
1777355457.686982,21.192028045654297,3.49686,-0.00946,0.376713,0.37,0.2892114149601134,0.47,0.324118,0.959
1777355457.7981803,21.303226470947266,3.518296,0.000243,0.425061,0.5209999999999999,0.09371484350070883,0.471,0.311881,0.906
1777355457.8792598,21.384305953979492,3.539641,0.010389,0.447396,0.5229999999999999,0.09587548976068047,0.473,0.305315,0.9059999999999997
1777355457.976075,21.481121063232422,3.582493,0.032243,0.484484,0.53,-0.016658265358979296,0.48,0.297501,0.819
1777355458.0775247,21.582570791244507,3.6249,0.055598,0.513366,0.538,-0.0475532653589793,0.488,0.266606,0.8189999999999997
1777355458.1595595,21.664605617523193,3.667449,0.08024,0.52938,0.5449999999999999,-0.1393942653589793,0.495,0.174765,0.751
1777355458.2929413,21.797987461090088,3.6889,0.092936,0.534398,0.5489999999999999,-0.19682326535897932,0.499,0.117336,0.7509999999999998
1777355458.3802145,21.885260581970215,3.710467,0.105629,0.531959,0.5509999999999999,-0.2113326803190927,0.501,0.06792,0.7679999999999999
1777355458.4766724,21.98171854019165,3.754644,0.13126,0.522389,0.567,-0.20309721771937606,0.517,-0.011111,0.7679999999999999
1777355458.5672174,22.072263479232788,3.800256,0.157049,0.50902,0.577,-0.2021807551196595,0.527,-0.097461,0.7519999999999999
1777355458.6635973,22.168643474578857,3.84678,0.182092,0.487198,0.583,-0.1950978163397445,0.533,-0.116558,0.7519999999999999
1777355458.7938752,22.29892134666443,3.871009,0.193892,0.453221,0.589,-0.18606223129985788,0.539,-0.142429,0.752
1777355458.8710372,22.376083374023438,3.895455,0.205459,0.44195,0.591,-0.18059593877991453,0.541,-0.154416,0.7779999999999999
1777355458.9534585,22.458504676818848,3.946223,0.228623,0.422392,0.5640000000000001,-0.1755422925199429,0.564,-0.158089,0.7780000000000001
1777355459.0118651,22.516911268234253,3.972589,0.240203,0.413837,0.5760000000000001,-0.17076129251994288,0.576,-0.153308,0.7780000000000002
1777355459.046604,22.551650047302246,3.999625,0.251766,0.404157,0.5880000000000001,-0.17075764625997125,0.588,-0.162031,-1
1777355459.0703535,22.57539963722229,4.02734,0.263271,0.393474,0.55,-0.17142099999999955,0.6,-0.171421,-1
1777355459.1068032,22.611849308013916,4.055727,0.274736,0.3813,0.562,-0.1681293537400279,0.612,-0.176856,-1
1777355459.2722826,22.777328729629517,4.084576,0.285495,0.356954,0.5660000000000001,-0.15904099999999954,0.616,-0.159041,-1
1777355459.3204346,22.825480699539185,4.113317,0.296002,0.350484,0.562,-0.15778129251994288,0.612,-0.140328,-1
1777355459.3517354,22.856781482696533,4.141821,0.306252,0.345185,0.556,-0.15283993877991453,0.606,-0.12666,-1
1777355459.4299173,22.93496346473694,4.170154,0.316302,0.340889,0.501,-0.4463202653589793,0.601,-0.132161,2.092
1777355459.5014427,23.006488800048828,4.198551,0.326302,0.33858,0.502,-0.4066722653589793,0.602,-0.092513,2.092
1777355459.557512,23.0625581741333,4.227313,0.336451,0.339432,0.51,-0.3931332653589793,0.61,-0.078974,2.0919999999999996
1777355459.6375377,23.1425838470459,4.283548,0.356551,0.346276,0.494,-0.3467722653589793,0.594,-0.032613,1.9599999999999995
1777355459.8055108,23.310556888580322,4.31092,0.366289,0.341781,0.481,-0.3469202653589793,0.581,-0.032761,1.9600000000000002
1777355459.887998,23.393044233322144,4.363591,0.384362,0.325815,0.45200000000000007,-0.4367282653589793,0.552,-0.122569,1.8239999999999998
1777355459.9654765,23.47052264213562,4.389009,0.392618,0.311294,0.43500000000000005,-0.4568192653589793,0.535,-0.14266,1.8240000000000007
1777355460.0691092,23.57415533065796,4.43902,0.407692,0.28468,0.42000000000000004,-0.26681387755982955,0.52,-0.214454,0.7810000000000001
1777355460.1640325,23.669078588485718,4.489213,0.42131,0.258387,0.41700000000000004,-0.2695462312998579,0.517,-0.225913,0.7809999999999998
1777355460.3220644,23.827110528945923,4.514346,0.426998,0.222571,0.41500000000000004,-0.5377482653589793,0.515,-0.223589,1.5529999999999997
1777355460.403577,23.908623218536377,4.56374,0.437291,0.198855,0.404,-0.5115682653589793,0.504,-0.197409,1.5530000000000004
1777355460.4905956,23.995641708374023,4.588469,0.442075,0.189244,0.404,-0.4813452653589793,0.504,-0.167186,1.4620000000000002
1777355460.5744693,24.07951545715332,4.636845,0.450615,0.169267,0.387,-0.48017826535897934,0.487,-0.166019,1.4620000000000002
1777355460.6502929,24.155339002609253,4.66018,0.454325,0.154975,0.373,-0.5028712653589793,0.473,-0.188712,1.3369999999999997
1777355460.7265077,24.23155379295349,4.683452,0.457697,0.140915,0.37,-0.5100286190990077,0.47,-0.204596,1.3369999999999995
1777355460.8468924,24.351938486099243,4.706572,0.459938,0.096652,0.365,-0.5149176803190927,0.465,-0.235665,1.2309999999999999
1777355460.9517496,24.456795692443848,4.752208,0.46323,0.063884,0.359,-0.5233744490192344,0.459,-0.287755,1.2309999999999997
1777355461.0537026,24.558748722076416,4.797027,0.464989,0.03115,0.35,-0.48122051023931944,0.45,-0.271781,1.1170000000000004
1777355461.1551585,24.660204648971558,4.840786,0.464989,0.0,0.33199999999999996,-0.49204080275926265,0.432,-0.265148,1.1170000000000002
1777355461.260504,24.765550136566162,4.862563,0.464989,0.0,0.33599999999999997,-0.45415557145940444,0.436,-0.270896,1.0309999999999995
1777355461.362496,24.867542028427124,4.884103,0.463494,-0.069264,0.33199999999999996,-0.4584745714594044,0.432,-0.275215,1.0310000000000001
1777355461.4621105,24.967156648635864,4.926667,0.459396,-0.104964,0.32599999999999996,-0.38445610885968784,0.426,-0.288463,0.9559999999999996
1777355461.5641932,25.069239377975464,4.968165,0.453801,-0.145304,0.31399999999999995,-0.3898154625997161,0.414,-0.302549,0.9560000000000004
1777355461.6553764,25.160422563552856,5.007713,0.446958,-0.179411,0.30000000000000004,-0.2944399999999996,0.4,-0.29444,0.8630000000000002
1777355461.7649457,25.269991874694824,5.02696,0.443137,-0.195957,0.29200000000000004,-0.30199793877991454,0.392,-0.275818,0.8630000000000003
1777355461.8574464,25.362492561340332,5.046125,0.438509,-0.236958,0.444,-0.10726472106053808,0.394,-0.273071,0.8120000000000003
1777355461.934023,25.439069032669067,5.084476,0.428583,-0.258171,0.449,-0.1030332448803396,0.399,-0.207753,0.8119999999999998
1777355462.0479145,25.552960634231567,5.122158,0.41813,-0.276416,0.442,-0.03913330610042465,0.392,-0.170033,0.7320000000000003
1777355462.1430743,25.648120403289795,5.160361,0.406975,-0.288112,0.451,-0.02097289114031131,0.401,-0.116966,0.7320000000000001
1777355462.25686,25.761906147003174,5.180004,0.401105,-0.290768,0.5099999999999999,0.07844092519943363,0.41,-0.096092,0.7090000000000001
1777355462.364819,25.86986517906189,5.199999,0.395124,-0.290688,0.5169999999999999,0.07732734015954701,0.417,-0.062299,0.7090000000000003
1777355462.4705348,25.97558093070984,5.240716,0.383195,-0.281877,0.5269999999999999,0.08119046259971702,0.427,-0.006076,0.6570000000000003
1777355462.59167,26.096716165542603,5.28246,0.371522,-0.266608,0.5319999999999999,0.07203800000000044,0.432,0.072038,0.657
1777355462.697124,26.2021701335907,5.349529,0.35481,-0.229782,0.5209999999999999,0.06352082992022717,0.471,0.133334,0.617
1777355462.8567016,26.36174774169922,5.373332,0.350042,-0.197705,0.536,0.045337598620368874,0.486,0.158784,0.598
1777355462.9424443,26.447490453720093,5.422373,0.341011,-0.174856,0.552,0.03713459862036886,0.502,0.150581,0.598
1777355463.0538526,26.55889868736267,5.472822,0.332693,-0.159361,0.562,0.03798982992022715,0.512,0.107803,0.587
1777355463.1495295,26.65457558631897,5.52433,0.325113,-0.139871,0.5660000000000001,0.02974347618019882,0.516,0.09083,0.587
1777355463.2409618,26.746007919311523,5.55066,0.321559,-0.13239,0.581,0.025163122440170493,0.531,0.077523,0.587
1777355463.3584745,26.863520622253418,5.57719,0.31859,-0.111435,0.5840000000000001,0.015085829920227167,0.534,0.084899,0.5870000000000001
1777355463.4561095,26.961155652999878,5.631202,0.312877,-0.103102,0.595,0.009239476180198825,0.545,0.070326,0.587
1777355463.5346856,27.039731740951538,5.686136,0.307524,-0.095342,0.5520000000000002,0.010727768700142137,0.552,0.054361,0.587
1777355463.622443,27.12748908996582,5.713824,0.304962,-0.092267,0.5560000000000002,0.006099707480057115,0.556,0.023553,0.5930000000000001
1777355463.6837456,27.188791751861572,5.768893,0.300242,-0.082369,0.5530000000000002,0.0006094149601137966,0.553,0.035516,0.5929999999999999
1777355463.8421648,27.34721088409424,5.796675,0.298105,-0.076772,0.5570000000000002,2.341496011382116e-05,0.557,0.03493,0.5929999999999999
1777355463.9045722,27.409618377685547,5.824596,0.295938,-0.077746,0.5600000000000002,0.006997707480057125,0.56,0.024451,0.593
1777355463.9635797,27.468625783920288,5.852612,0.293698,-0.079778,0.5620000000000002,-0.0003372925199428556,0.562,0.017116,0.593
1777355464.036651,27.541697025299072,5.880295,0.291402,-0.082757,0.5560000000000002,0.0062076462599721105,0.556,-0.002519,0.5930000000000001
1777355464.0983913,27.603437423706055,5.936242,0.286493,-0.089868,0.5650000000000001,0.0093075850398871,0.565,-0.025599,0.593
1777355464.1623368,27.667382955551147,5.963892,0.283961,-0.091385,0.5550000000000002,0.012035231299858729,0.555,-0.031598,0.593
1777355464.2556355,27.760681629180908,5.991712,0.281402,-0.09105,0.5590000000000002,0.01053652381980208,0.559,-0.05055,0.593
1777355464.3430598,27.848105907440186,6.019554,0.279333,-0.074178,0.5580000000000002,0.0039746462599721255,0.558,-0.004752,0.593
1777355464.4336221,27.938668251037598,6.04695,0.277457,-0.06835,0.599,-0.0005069387799145342,0.549,0.025673,0.593
1777355464.5028515,28.00789761543274,6.103064,0.274101,-0.05706,0.5590000000000002,-0.009284170079772835,0.559,0.060529,0.593
1777355464.5589416,28.063987731933594,6.131128,0.27261,-0.052316,0.5620000000000002,-0.005290523819801163,0.562,0.055796,0.593
1777355464.6173697,28.122415781021118,6.158872,0.271237,-0.048894,0.5560000000000002,-0.007529523819801154,0.556,0.053557,0.593
1777355464.688125,28.19317102432251,6.186602,0.269948,-0.045964,0.5550000000000002,-0.009381523819801174,0.555,0.051705,0.593
1777355464.769706,28.274752140045166,6.213769,0.26875,-0.044062,0.5940000000000001,-0.007439231299857851,0.544,0.036194,0.5930000000000001
1777355464.855621,28.36066722869873,6.241136,0.267793,-0.034941,0.5980000000000001,-0.01666687755982954,0.548,0.035693,0.5930000000000001
1777355464.9319086,28.436954736709595,6.268471,0.266933,-0.031467,0.597,-0.018648231299857876,0.547,0.024985,0.593
1777355465.0022218,28.507267951965332,6.32468,0.265336,-0.027531,0.5610000000000002,-0.021440231299857837,0.561,0.022193,0.593
1777355465.058855,28.56390118598938,6.353346,0.264516,-0.028196,0.5740000000000001,-0.022608877559829543,0.574,0.029751,0.593
1777355465.1202323,28.62527847290039,6.382281,0.263721,-0.027758,0.5790000000000001,-0.022807231299857844,0.579,0.020826,0.593
1777355465.193679,28.69872522354126,6.440152,0.262022,-0.02951,0.5790000000000001,-0.020437585039886186,0.579,0.014469,0.593
1777355465.3521218,28.857167959213257,6.468655,0.260863,-0.04063,0.5710000000000001,-0.01214370748005622,0.571,-0.029597,0.5929999999999999
1777355465.4423866,28.94743275642395,6.525294,0.258641,-0.03804,0.5650000000000001,-0.01268806122008459,0.565,-0.038868,0.5930000000000001
1777355465.5002127,29.005258798599243,6.55371,0.257663,-0.034396,0.5690000000000001,-0.01566129251994286,0.569,0.001792,0.593
1777355465.5571518,29.06219792366028,6.582646,0.256714,-0.032795,0.5790000000000001,-0.0161992925199429,0.579,0.001254,0.5929999999999999
1777355465.65774,29.16278624534607,6.611768,0.255823,-0.03025,0.5830000000000001,-0.016575292519942886,0.583,0.000878,0.5930000000000001
1777355465.7186406,29.223686695098877,6.669543,0.254344,-0.025351,0.5780000000000001,-0.02330123129985784,0.578,0.020332,0.593
1777355465.8463416,29.35138773918152,6.698612,0.253694,-0.022364,0.5820000000000001,-0.021811938779914553,0.582,0.004368,0.5929999999999999
1777355465.908778,29.4138240814209,6.727458,0.253024,-0.02321,0.5770000000000001,-0.02312193877991453,0.577,0.003058,0.593
1777355465.968331,29.473377227783203,6.75613,0.252318,-0.024614,0.5740000000000001,-0.021085646259971225,0.574,-0.012359,0.593
1777355466.0282943,29.533340454101562,6.785245,0.251597,-0.024771,0.5820000000000001,-0.026104292519942895,0.582,-0.008651,0.5929999999999999
1777355466.087303,29.5923490524292,6.813728,0.250859,-0.0259,0.5700000000000001,-0.020555999999999575,0.57,-0.020556,0.5929999999999999
1777355466.1556096,29.660655736923218,6.871695,0.24934,-0.026482,0.5800000000000001,-0.0275252925199429,0.58,-0.010072,0.593
1777355466.2167642,29.721810340881348,6.900851,0.248576,-0.026214,0.5830000000000001,-0.024503292519942876,0.583,-0.00705,0.5930000000000001
1777355466.341593,29.846639156341553,6.929896,0.247615,-0.033067,0.5810000000000001,-0.019934999999999536,0.581,-0.019935,0.5930000000000001
1777355466.4012892,29.90633535385132,6.958724,0.246664,-0.032952,0.5770000000000001,-0.022680646259971238,0.577,-0.013954,0.5930000000000001
1777355466.467427,29.97247314453125,6.98776,0.245746,-0.031625,0.5810000000000001,-0.024267999999999568,0.581,-0.024268,0.5930000000000001
1777355466.528524,30.033570051193237,7.016952,0.244883,-0.028533,0.5840000000000001,-0.02571364625997119,0.584,-0.016987,0.5930000000000001
1777355466.5893397,30.094385862350464,7.046257,0.244108,-0.025442,0.5860000000000001,-0.027093231299857856,0.586,0.01654,0.593
1777355466.6658752,30.170921325683594,7.104898,0.243467,0.0,0.5850000000000001,-0.036318816339744486,0.585,0.042221,0.593
1777355466.752084,30.25713014602661,7.13462,0.243467,0.0,0.5940000000000001,-0.04025817007977284,0.594,0.029555,0.593
1777355466.8535643,30.35861039161682,7.164462,0.243467,0.0,0.5970000000000001,-0.04039752381980116,0.597,0.020689,-1
1777355466.9174871,30.4225332736969,7.194051,0.243467,0.0,0.5920000000000001,-0.03958193877991456,0.592,-0.013402,-1
1777355466.9703565,30.47540259361267,7.25419,0.242175,-0.022777,0.554,-0.02769370748005623,0.604,-0.045147,-1
1777355467.024805,30.52985119819641,7.284936,0.241404,-0.02508,0.5650000000000001,-0.02864970748005624,0.615,-0.046103,-1
1777355467.083679,30.588725090026855,7.315695,0.240585,-0.027095,0.5650000000000001,-0.03227199999999958,0.615,-0.032272,-1
1777355467.1283948,30.63344097137451,7.346464,0.239709,-0.028708,0.5660000000000001,-0.027805353740027905,0.616,-0.036532,-1
1777355467.1849868,30.690032958984375,7.377233,0.238752,-0.031485,0.5660000000000001,-0.03134535374002789,0.616,-0.040072,-1
1777355467.3429852,30.848031282424927,7.408122,0.23766,-0.03534,0.5680000000000001,-0.029323353740027924,0.618,-0.03805,-1
1777355467.4453266,30.95037269592285,7.468925,0.235525,-0.03356,0.5990000000000001,-0.032569292519942894,0.599,-0.015116,-1
1777355467.491148,30.9961941242218,7.498945,0.234626,-0.028729,0.551,-0.031271585039886196,0.601,0.003635,-1
1777355467.5562036,31.06124973297119,7.529203,0.233913,-0.023559,0.555,-0.035873877559829515,0.605,0.016486,-1
1777355467.5875654,31.09261155128479,7.559249,0.233913,0.0,0.551,-0.04377317007977283,0.601,0.02604,-1
1777355467.6525652,31.15761137008667,7.589521,0.233913,0.0,0.555,-0.04933410885968781,0.605,0.046659,-1
1777355467.712388,31.21743416786194,7.619603,0.233913,0.0,0.552,-0.044700755119659485,0.602,0.060019,-1
1777355467.8441815,31.34922766685486,7.649821,0.233913,0.0,0.554,-0.05032346259971615,0.604,0.036943,-1
1777355467.9080522,31.413098335266113,7.679833,0.233913,0.0,0.55,-0.049725523819801165,0.6,0.011361,-1
1777355467.9927433,31.49778938293457,7.709701,0.233913,0.0,0.497,-0.04427264625997124,0.597,-0.035546,0.4560000000000007
1777355468.0605793,31.565625429153442,7.739285,0.233184,-0.024616,0.5920000000000001,-0.04134906122008458,0.592,-0.067529,0.4559999999999996
1777355468.1230354,31.628081560134888,7.798611,0.231245,-0.037364,0.5950000000000001,-0.03724176870014129,0.595,-0.080875,0.4559999999999996
1777355468.1645112,31.669557332992554,7.828664,0.229963,-0.043994,0.502,-0.041409768700141236,0.602,-0.085043,0.45599999999999985
1777355468.2251945,31.7302405834198,7.858924,0.228494,-0.049519,0.506,-0.04432776870014127,0.606,-0.087961,0.4560000000000001
1777355468.3408692,31.8459153175354,7.889095,0.226501,-0.06596,0.555,-0.025835476180197936,0.605,-0.086922,-1
1777355468.405793,31.910839080810547,7.919799,0.224351,-0.069927,0.5660000000000001,-0.022985122440169592,0.616,-0.075345,-1
1777355468.433197,31.93824315071106,7.950126,0.222175,-0.071629,0.558,-0.02360776870014125,0.608,-0.067241,-1
1777355468.4963112,32.001357316970825,7.980383,0.220059,-0.069089,0.557,-0.020889061220084604,0.607,-0.047069,-1
1777355468.554894,32.05994009971619,8.010617,0.218039,-0.06585,0.556,-0.027995646259971196,0.606,-0.019269,-1
1777355468.5941432,32.09918928146362,8.040629,0.216183,-0.060542,0.551,-0.02516893877991455,0.601,0.001011,-1
1777355468.656851,32.1618971824646,8.070693,0.214502,-0.054911,0.552,-0.03249452381980117,0.602,0.028592,-1
1777355468.719759,32.22480511665344,8.100971,0.213001,-0.048306,0.556,-0.03248010885968783,0.606,0.063513,-1
1777355468.8433301,32.34837627410889,8.131201,0.211723,-0.04226,0.555,-0.04160210885968779,0.605,0.054391,-1
1777355468.9054687,32.41051483154297,8.161234,0.210435,-0.042866,0.551,-0.04568217007977282,0.601,0.024131,-1
1777355468.9842045,32.48925065994263,8.190749,0.209113,-0.044765,0.5910000000000001,-0.04644558503988622,0.591,-0.011539,-1
1777355469.0333295,32.53837561607361,8.220084,0.207755,-0.046256,0.537,-0.039745292519942854,0.587,-0.022292,-1
1777355469.0649793,32.57002544403076,8.249654,0.206352,-0.047405,0.542,-0.04460399999999953,0.592,-0.044604,-1
1777355469.138633,32.64367914199829,8.279045,0.204973,-0.04689,0.538,-0.03994964625997122,0.588,-0.031223,-1
1777355469.1837685,32.688814640045166,8.309036,0.203645,-0.044245,0.5,-0.0442616462599712,0.6,-0.035535,-1
1777355469.2163517,32.7213978767395,8.339085,0.202365,-0.04208,0.502,-0.0493498775598295,0.602,0.00301,-1
1777355469.3530755,32.85812163352966,8.369074,0.201316,-0.03497,0.5,-0.052171170079772844,0.6,0.017642,-1
1777355469.4092333,32.91427946090698,8.398943,0.200319,-0.033336,0.498,-0.0539518775598295,0.598,-0.001592,-1
1777355469.4804041,32.98545026779175,8.398943,0.200319,-0.035357,0.498,-0.0539518775598295,0.598,-0.001592,-1
1777355469.5308995,33.035945653915405,8.428483,0.19925,-0.037088,0.491,-0.05683123129985784,0.591,-0.013198,-1
1777355469.5635831,33.06862926483154,8.457707,0.198166,-0.036558,0.485,-0.05757058503988621,0.585,-0.022664,-1
1777355469.6433446,33.148390769958496,8.486858,0.197111,-0.034425,0.483,-0.05949823129985787,0.583,-0.015865,-1
1777355469.6981664,33.20321249961853,8.515577,0.196129,-0.032164,0.475,-0.06022758503988618,0.575,-0.025321,-1
1777355469.7560906,33.26113677024841,8.544363,0.19522,-0.031295,0.476,-0.06459552381980116,0.576,-0.003509,-1
1777355469.8893926,33.39443874359131,8.601169,0.193523,-0.028942,0.46699999999999997,-0.06582417007977281,0.567,0.003989,-1
1777355469.939419,33.44446516036987,8.629283,0.192658,-0.030744,0.46299999999999997,-0.0495678775598295,0.563,0.002792,-1
1777355469.9748938,33.47993993759155,8.656933,0.191767,-0.032198,0.45300000000000007,-0.06956223129985784,0.553,-0.025929,-1
1777355470.009169,33.51421523094177,8.684437,0.190794,-0.03537,0.45000000000000007,-0.005913061220084559,0.55,-0.032093,-1
1777355470.0699577,33.57500386238098,8.71141,0.189739,-0.039401,0.44000000000000006,-0.010784061220084573,0.54,-0.036964,-1
1777355470.1435246,33.64857077598572,8.738011,0.188652,-0.041238,0.43200000000000005,0.0004391700797737319,0.532,-0.069374,-1
1777355470.2020667,33.70711278915405,8.764539,0.187503,-0.043469,0.43100000000000005,0.02997781633974539,0.531,-0.048562,-1
1777355470.2654333,33.77047944068909,8.790534,0.186394,-0.042761,0.42000000000000004,0.021878170079773718,0.52,-0.047935,-1
1777355470.3978853,33.902931451797485,8.816386,0.185416,-0.037809,0.41700000000000004,0.03390887755983041,0.517,-0.018451,-1
1777355470.4496038,33.954649925231934,8.842244,0.184592,-0.031862,0.41700000000000004,0.050421585039887085,0.517,0.015515,-1
1777355470.4877462,33.99279236793518,8.867884,0.183929,-0.024797,0.41300000000000003,0.05731329251994377,0.513,0.03986,-1
1777355470.5387137,34.04375982284546,8.89327,0.183929,0.0,0.40800000000000003,0.04354806122008548,0.508,0.069728,-1
1777355470.582064,34.08711004257202,8.918014,0.183929,0.0,0.395,0.039948122440170486,0.495,0.092308,-1
1777355470.637731,34.14277720451355,8.942498,0.183929,0.0,0.39,0.04125512244017049,0.49,0.093615,-1
1777355470.6851766,34.19022274017334,8.967365,0.183929,0.0,0.397,0.06848429251994376,0.497,0.051031,-1
1777355470.7679121,34.272958278656006,8.991609,0.183929,0.0,0.385,0.05866364625997211,0.485,0.049937,-1
1777355470.9031394,34.40818548202515,9.015364,0.184694,0.032192,0.375,0.029640414960113798,0.475,0.064547,-1
1777355470.9523053,34.45735144615173,9.039145,0.185656,0.042239,0.376,0.0392754149601138,0.476,0.074182,-1
1777355471.0120206,34.51706671714783,9.062799,0.186811,0.050655,0.374,0.030249183660255502,0.474,0.108789,-1
1777355471.0541134,34.55915951728821,9.086686,0.188231,0.05936,0.379,0.04111118366025551,0.479,0.119651,-1
1777355471.1048682,34.60991430282593,9.110225,0.189744,0.064189,0.372,0.03688447618019883,0.472,0.097971,-1
1777355471.149625,34.65467119216919,9.133842,0.191394,0.070611,0.373,0.027765829920227164,0.473,0.097579,-1
1777355471.2066529,34.71169900894165,9.157138,0.193092,0.073084,0.367,0.027491829920227168,0.467,0.097305,-1
1777355471.269894,34.7749400138855,9.180407,0.19481,0.0736,0.367,0.02447976870014215,0.467,0.068113,-1
1777355471.40331,34.90835618972778,9.203382,0.196507,0.073713,0.361,0.020494707480057106,0.461,0.037948,-1
1777355471.4586723,34.96371841430664,9.225607,0.198178,0.075035,0.346,0.0091107074800571,0.446,0.026564,-1
1777355471.5550237,35.06006979942322,9.269686,0.201616,0.078264,0.5419999999999999,-0.2866432653589793,0.442,0.027516,-1
1777355471.615305,35.1203510761261,9.29186,0.203408,0.080627,0.5449999999999999,-0.29489826535897934,0.445,0.019261,-1
1777355471.6777194,35.1827654838562,9.313767,0.205212,0.082154,0.5399999999999999,-0.3006762653589793,0.44,0.013483,-1
1777355471.742567,35.247613191604614,9.335914,0.207067,0.083836,0.5439999999999999,-0.29050626535897933,0.444,0.023653,-1
1777355471.7995217,35.30456781387329,9.358177,0.208958,0.083966,0.5469999999999999,-0.2976022653589793,0.447,0.016557,-1
1777355471.8967133,35.40175938606262,9.380839,0.210639,0.074053,0.5539999999999999,-0.3275682653589793,0.454,-0.013409,-1
1777355471.9564123,35.46145844459534,9.404093,0.212088,0.062243,0.566,-0.3804072653589793,0.466,-0.066248,-1
1777355472.0437434,35.548789501190186,9.427536,0.213251,0.049546,0.369,-0.44753026535897933,0.469,-0.133371,1.1300000000000003
1777355472.128853,35.633899211883545,9.4758,0.214083,0.0,0.382,-0.5297672653589793,0.482,-0.215608,1.1299999999999997
1777355472.2091136,35.71415972709656,9.500034,0.214083,0.0,0.385,-0.5665822653589794,0.485,-0.252423,1.1299999999999997
1777355472.2909858,35.7960319519043,9.548654,0.213385,-0.031817,0.383,-0.5712432653589793,0.483,-0.257084,1.1300000000000008
