time,travel_time,x,y,yaw,v_cmd,omega_cmd,v_actual,omega_actual,min_obstacle_dist
1777357434.366736,16.650635242462158,0.003165,1.6e-05,0.0,0.0,-6.108652381980153,-0.0,0.0,0.57
1777357434.542697,16.8265962600708,0.003165,1.6e-05,0.0,0.0,-6.108652381980153,-0.0,0.0,0.57
1777357434.6977031,16.981602430343628,0.005364,1.6e-05,0.0,-0.021000000000000005,0.0011454013796324825,0.029,-0.112301,0.57
1777357434.8621511,17.146050453186035,0.013539,-0.000105,-0.03918,0.12000000000000002,0.017409326579065687,0.07,-0.27057,0.57
1777357435.0142102,17.298109531402588,0.023752,-0.001349,-0.16877,0.16500000000000004,0.062426483078342976,0.115,-0.443719,0.5909999999999999
1777357435.243053,17.526952266693115,0.047509,-0.007793,-0.310536,0.28200000000000003,-0.09926140806197004,0.182,-0.7014,0.591
1777357435.384387,17.668286323547363,0.078493,-0.021323,-0.462032,0.18900000000000003,0.16218485039886732,0.139,-0.186881,0.5909999999999999
1777357435.5346575,17.818556785583496,0.085615,-0.024715,-0.44448,0.20800000000000002,0.15647351023932077,0.158,-0.052966,1.628
1777357435.6798642,17.96376347541809,0.113058,-0.035892,-0.356416,0.26399999999999996,0.12381401358048266,0.214,0.272167,1.618
1777357435.824865,18.10876441001892,0.136606,-0.043435,-0.29625,0.30600000000000005,0.10242142854059605,0.256,0.285681,1.618
1777357436.0259037,18.309803009033203,0.163683,-0.050567,-0.241071,0.39,0.09036224488034095,0.29,0.195082,1.6180000000000003
1777357436.2146475,18.498546838760376,0.22008,-0.059786,-0.143687,0.383,0.05626065984045436,0.283,0.195887,1.6179999999999999
1777357436.3173518,18.601251125335693,0.263357,-0.065358,-0.120437,0.4,0.04772418366025594,0.3,0.126264,-1
1777357436.405567,18.68946623802185,0.278843,-0.06714,-0.11373,0.41200000000000003,0.04179847618019927,0.312,0.102885,-1
1777357436.5045416,18.788440942764282,0.295425,-0.068727,-0.095398,0.43300000000000005,0.035760476180199285,0.333,0.096847,-1
1777357436.6076427,18.891541957855225,0.331747,-0.071871,-0.083811,0.426,0.030047829920227587,0.376,0.099861,-1
1777357436.7076561,18.9915554523468,0.371116,-0.074862,-0.073936,0.451,0.0255711224401709,0.401,0.077931,-1
1777357436.808865,19.092764377593994,0.412283,-0.077752,-0.069801,0.5129999999999999,0.025109353740029206,0.413,0.033836,-1
1777357436.9074078,19.191307067871094,0.433098,-0.079198,-0.069142,0.5169999999999999,0.023685000000000844,0.417,0.023685,-1
1777357436.9925208,19.27642011642456,0.454289,-0.080737,-0.072514,0.5249999999999999,0.02916729251994421,0.425,0.011714,-1
1777357437.104042,19.387941360473633,0.498663,-0.083983,-0.073305,0.5529999999999999,0.033450877559830894,0.453,-0.018909,-1
1777357437.183373,19.46727228164673,0.522029,-0.08568,-0.072101,0.5189999999999999,0.02715893877991582,0.469,0.000979,-1
1777357437.26422,19.54811930656433,0.570005,-0.089175,-0.074123,0.542,0.026659938779915904,0.492,0.00048,-1
1777357437.3638778,19.64777708053589,0.62058,-0.092965,-0.07629,0.5609999999999999,0.03087658503988755,0.511,-0.00403,-1
1777357437.4870763,19.770975589752197,0.64644,-0.095129,-0.083489,0.569,0.030813231299859134,0.519,-0.01282,-1
1777357437.5806105,19.86450982093811,0.697741,-0.099721,-0.092826,0.562,0.03841481633974586,0.512,-0.040125,-1
1777357437.7272813,20.011180639266968,0.723504,-0.102188,-0.095461,0.5680000000000001,0.041725170079774165,0.518,-0.028088,0.466
1777357437.875109,20.159008264541626,0.801706,-0.109564,-0.094853,0.581,0.04369610885968911,0.531,-0.052297,0.4659999999999999
1777357438.008323,20.292222261428833,0.828334,-0.112064,-0.092195,0.585,0.04012458503988747,0.535,0.005218,0.4659999999999999
1777357438.1154468,20.399346113204956,0.910453,-0.119306,-0.089777,0.5610000000000002,0.03886382992022763,0.561,0.108677,0.466
1777357438.271766,20.555665254592896,0.96503,-0.124539,-0.100325,0.5880000000000001,0.04465958503988754,0.538,0.009753,0.46599999999999997
1777357438.3923457,20.676244974136353,1.046152,-0.133597,-0.114262,0.5530000000000002,0.044520816339745806,0.553,-0.034019,0.466
1777357438.5515544,20.835453748703003,1.073812,-0.13684,-0.116722,0.5570000000000002,0.046000170079774194,0.557,-0.023813,0.4660000000000001
1777357438.6629078,20.946807146072388,1.129957,-0.143328,-0.114257,0.5630000000000001,0.04760258503988757,0.563,0.012696,0.466
1777357438.7639325,21.047831773757935,1.186036,-0.149655,-0.11061,0.5610000000000002,0.05103229251994423,0.561,0.033579,0.4660000000000001
1777357438.8965044,21.18040370941162,1.270073,-0.158342,-0.098183,0.5700000000000001,0.04014564625997252,0.57,0.031419,1.134
1777357439.0542517,21.33815097808838,1.298656,-0.160681,-0.081663,0.5740000000000001,0.03882970748005754,0.574,0.056283,0.9820000000000001
1777357439.1987913,21.482690572738647,1.356225,-0.164949,-0.070238,0.5800000000000001,0.03619806122008595,0.58,0.062378,0.924
1777357439.3246121,21.608511447906494,1.442704,-0.170628,-0.060737,0.5750000000000001,0.028392707480057622,0.575,0.045846,0.9239999999999999
1777357439.4635117,21.747411012649536,1.500576,-0.173546,-0.045605,0.5790000000000001,0.021041646259972513,0.579,0.012315,0.907
1777357439.5935843,21.8774836063385,1.529355,-0.173546,0.0,0.5760000000000001,0.008045122440170971,0.576,0.060405,0.9070000000000001
1777357439.7129014,21.996800661087036,1.616145,-0.173546,0.0,0.5750000000000001,0.00807530610042595,0.575,0.138975,0.9070000000000001
1777357439.811238,22.095137357711792,1.675483,-0.171464,0.043547,0.55,-0.0041638775598290545,0.6,0.048196,0.8889999999999999
1777357439.936652,22.220551252365112,1.732186,-0.168124,0.067255,0.5650000000000001,-0.014351462599715759,0.565,0.072915,0.889
1777357440.0829754,22.36687469482422,1.760308,-0.165437,0.095263,0.5650000000000001,-0.024087755119658993,0.565,0.080632,0.9239999999999999
1777357440.304814,22.58871340751648,1.843928,-0.156163,0.116453,0.5570000000000002,-0.024637693899574042,0.557,0.106262,0.8739999999999999
1777357440.579381,22.863280296325684,1.953107,-0.143032,0.11633,0.599,-0.03093364625997075,0.549,-0.022207,0.8579999999999999
1777357440.7479155,23.03181481361389,2.064345,-0.131263,0.100186,0.5660000000000001,-0.024688707480055805,0.566,-0.042142,0.893
1777357440.9105208,23.194420099258423,2.150449,-0.123353,0.08805,0.5840000000000001,0.022272523819802492,0.584,-0.038814,0.9159999999999999
1777357441.0502703,23.334169626235962,2.179081,-0.120915,0.084602,0.5750000000000001,0.03982410885968912,0.575,-0.056169,0.982
1777357441.1940017,23.477900981903076,2.26544,-0.113294,0.093196,0.5820000000000001,0.05821123129985917,0.582,0.014578,1.05
1777357441.333774,23.61767339706421,2.351068,-0.104292,0.110354,0.5790000000000001,0.04942770748005754,0.579,0.066881,1.14
1777357441.4800978,23.763997077941895,2.408674,-0.097475,0.12218,0.5780000000000001,0.10728393877991582,0.578,0.081104,1.239
1777357441.5988905,23.882789850234985,2.437247,-0.093456,0.139742,0.5770000000000001,0.10688858503988752,0.577,0.071982,1.2390000000000003
1777357441.7363555,24.020254850387573,2.523433,-0.079755,0.165499,0.489,0.15198758503988752,0.589,0.117081,1.338
1777357441.8756897,24.159589052200317,2.610814,-0.06389,0.185932,0.493,0.1713118163397458,0.593,0.092772,1.474
1777357442.0008087,24.28470802307129,2.639913,-0.058312,0.189718,0.493,0.16670646259971744,0.593,0.07944,1.474
1777357442.1306863,24.41458559036255,2.697292,-0.046385,0.207692,0.485,0.17456510885968912,0.585,0.078572,1.5650000000000002
1777357442.2447016,24.528600931167603,2.753588,-0.033927,0.220944,0.47,0.1592942312998592,0.57,0.115661,1.6549999999999998
1777357442.3810356,24.664934873580933,2.837091,-0.014036,0.240493,0.46799999999999997,0.16454587755983086,0.568,0.112186,1.655
1777357442.5056632,24.789562463760376,2.864444,-0.007226,0.245014,0.46399999999999997,0.18606981633974584,0.564,0.10753,1.7019999999999995
1777357442.6759346,24.95983386039734,2.917657,0.007035,0.268005,0.44900000000000007,0.17621917007977417,0.549,0.106406,1.7710000000000004
1777357442.8517966,25.135695934295654,2.995079,0.029931,0.301043,0.43800000000000006,0.1654297074800576,0.538,0.182883,1.764
1777357443.0164185,25.300317764282227,3.070695,0.055652,0.342087,0.42600000000000005,0.16557906122008592,0.526,0.191759,1.7639999999999996
1777357443.172838,25.456737279891968,3.119486,0.074588,0.374887,0.42200000000000004,0.14958064625997258,0.522,0.140854,1.7400000000000002
1777357443.324765,25.6086642742157,3.19227,0.104885,0.40428,0.42600000000000005,0.1165430612200859,0.526,0.142723,1.712
1777357443.4980688,25.781968116760254,3.263528,0.136793,0.429286,0.41900000000000004,0.10931041496011429,0.519,0.144217,1.698
1777357443.6790175,25.9629168510437,3.286735,0.147826,0.443794,0.5640000000000001,0.05141118366025599,0.514,0.129951,1.6640000000000001
1777357443.8313966,26.115295886993408,3.377341,0.19254,0.470876,0.5429999999999999,0.0014602448803409107,0.493,0.10618,1.5969999999999995
1777357444.0041773,26.288076639175415,3.443872,0.228137,0.504014,0.56,0.023590952360397655,0.51,0.145764,1.5200000000000005
1777357444.1972883,26.48118758201599,3.488971,0.254862,0.539093,0.5780000000000001,-0.00010298641951733689,0.528,0.14825,1.4370000000000003
1777357444.3429322,26.626831531524658,3.558469,0.297548,0.556273,0.5510000000000002,-0.030934108859687393,0.551,0.065059,1.37
1777357444.4743035,26.75820279121399,3.630596,0.342982,0.566602,0.5820000000000001,-0.028347170079772388,0.582,0.041466,1.3699999999999999
1777357444.6225116,26.906410932540894,3.655323,0.358908,0.572193,0.5880000000000001,-0.051758108859687346,0.588,0.044235,1.3029999999999997
1777357444.7516556,27.035554885864258,3.729331,0.406472,0.569197,0.5840000000000001,-0.048733585039885785,0.584,-0.013827,1.3030000000000004
1777357444.9083757,27.192275047302246,3.804434,0.454052,0.563287,0.5980000000000001,-0.11014981633974408,0.598,-0.03161,1.278
1777357445.0288858,27.312785148620605,3.829944,0.47016,0.56323,0.553,-0.10066681633974406,0.603,-0.022127,1.2459999999999998
1777357445.1134095,27.397308826446533,3.882079,0.503126,0.563611,0.5690000000000001,-0.17144563267948898,0.619,-0.014366,1.217
1777357445.2031972,27.487096548080444,3.908556,0.519762,0.560991,0.5750000000000001,-0.1758622789394606,0.625,-0.010056,1.2170000000000003
1777357445.2981179,27.582017183303833,3.961602,0.552763,0.555115,0.5730000000000001,-0.16710440137963067,0.623,-0.053658,1.218
1777357445.3937624,27.677661657333374,4.015308,0.585715,0.547466,0.5820000000000001,-0.1658088163397441,0.632,-0.087269,1.2179999999999997
1777357445.48867,27.77256941795349,4.042293,0.602047,0.54334,0.5810000000000001,-0.20620269389957402,0.631,-0.075303,1.238
1777357445.5883262,27.872225522994995,4.069624,0.617984,0.527912,0.5830000000000001,-0.20932069389957397,0.633,-0.078421,1.2379999999999998
1777357445.6803854,27.964284658432007,4.12444,0.649228,0.514314,0.5800000000000001,-0.2098980476396024,0.63,-0.087725,1.2730000000000001
1777357445.77387,28.057769298553467,4.151666,0.664307,0.504128,0.5720000000000001,-0.208773755119659,0.622,-0.104054,1.2729999999999997
1777357445.8618743,28.1457736492157,4.206109,0.69356,0.487523,0.5660000000000001,-0.1947888775598291,0.616,-0.142429,1.292
1777357445.9569566,28.240855932235718,4.260675,0.721775,0.47191,0.5670000000000001,-0.1879425850398857,0.617,-0.153036,1.2919999999999998
1777357446.0848117,28.36871099472046,4.28853,0.735406,0.455112,0.5700000000000001,-0.2019371700797724,0.62,-0.132124,1.2210000000000003
1777357446.1692874,28.453186750411987,4.344365,0.762128,0.443468,0.5730000000000001,-0.20049081633974408,0.623,-0.121951,1.2210000000000003
1777357446.2635822,28.547481536865234,4.372113,0.775157,0.438235,0.5630000000000001,-0.204584755119659,0.613,-0.099865,1.2079999999999997
1777357446.365141,28.64904022216797,4.427899,0.800983,0.431908,0.5690000000000001,-0.20872510885968742,0.619,-0.112732,1.208
1777357446.4882963,28.77219557762146,4.482244,0.825972,0.432318,0.5920000000000001,-0.2278509864195173,0.592,-0.079498,1.217
1777357446.617316,28.901215314865112,4.509402,0.838635,0.436292,0.5990000000000001,-0.2264202789394606,0.599,-0.060614,1.2169999999999999
1777357446.7445993,29.028498649597168,4.563751,0.863845,0.433091,0.5980000000000001,-0.2349628639793473,0.598,-0.03425,1.307
1777357446.860652,29.144551277160645,4.645164,0.900228,0.411904,0.5940000000000001,-0.23055775511965904,0.594,-0.125838,1.3070000000000002
1777357446.9556923,29.239591598510742,4.700515,0.923702,0.396448,0.556,-0.22134452381980074,0.606,-0.160258,1.307
1777357447.0917609,29.375660181045532,4.728517,0.934976,0.382766,0.554,-0.22031181633974406,0.604,-0.141772,1.341
1777357447.163702,29.447601318359375,4.756743,0.946186,0.378045,0.557,-0.2149374625997157,0.607,-0.127671,1.3410000000000002
1777357447.260007,29.543906211853027,4.813239,0.968025,0.365052,0.555,-0.21657775511965904,0.605,-0.111858,1.4189999999999998
1777357447.3927453,29.676644563674927,4.86906,0.988833,0.352168,0.5900000000000001,-0.21420410885968733,0.59,-0.118211,1.4189999999999998
1777357447.5299973,29.813896656036377,4.924546,1.008721,0.340809,0.5920000000000001,-0.21276810885968733,0.592,-0.116775,1.4119999999999997
1777357447.589915,29.873814344406128,4.952349,1.018205,0.328746,0.5880000000000001,-0.20712710885968733,0.588,-0.111134,-1
1777357447.6543798,29.938279151916504,4.980246,1.02759,0.32454,0.5890000000000001,-0.21094375511965902,0.589,-0.106224,-1
1777357447.7182887,30.002187967300415,5.036724,1.046005,0.312406,0.5910000000000001,-0.20567075511965904,0.591,-0.100951,-1
1777357447.7951434,30.079042673110962,5.065446,1.055065,0.305573,0.552,-0.20438475511965903,0.602,-0.099665,3.8160000000000003
1777357447.9265037,30.210402965545654,5.122283,1.072242,0.289401,0.5960000000000001,-0.19929981633974403,0.596,-0.12076,3.816
1777357447.9976525,30.281551837921143,5.150838,1.080419,0.276578,0.5940000000000001,-0.20066323129985741,0.594,-0.15703,-1
1777357448.0975285,30.381427764892578,5.179519,1.08788,0.254527,0.5930000000000001,-0.18951858503988572,0.593,-0.154612,-1
1777357448.1614578,30.445357084274292,5.207864,1.095083,0.248848,0.5850000000000001,-0.18901887755982905,0.585,-0.136659,-1
1777357448.2217672,30.505666494369507,5.264586,1.109033,0.23864,0.5850000000000001,-0.18550617007977244,0.585,-0.115693,-1
1777357448.279442,30.56334137916565,5.293684,1.115977,0.234265,0.5980000000000001,-0.19119410885968735,0.598,-0.095201,-1
1777357448.336746,30.62064528465271,5.322368,1.122608,0.226345,0.5890000000000001,-0.18233746259971573,0.589,-0.095071,-1
1777357448.4033513,30.68725061416626,5.35114,1.129117,0.221268,0.5900000000000001,-0.18990110885968736,0.59,-0.093908,-1
1777357448.467043,30.75094223022461,5.380156,1.135447,0.214828,0.5940000000000001,-0.18200146259971572,0.594,-0.094735,-1
1777357448.5966158,30.880515098571777,5.409146,1.141237,0.197099,0.5910000000000001,-0.1811261700797724,0.591,-0.111313,-1
1777357448.686305,30.97020435333252,5.46764,1.152599,0.190916,0.5930000000000001,-0.179164755119659,0.593,-0.074445,-1
1777357448.7907078,31.074607133865356,5.496917,1.15819,0.188686,0.5960000000000001,-0.17710410885968741,0.596,-0.081111,3.5559999999999996
1777357448.8969486,31.180847883224487,5.555802,1.169261,0.184887,0.55,-0.1773564013796307,0.6,-0.06391,3.556
1777357448.9859655,31.269864797592163,5.614708,1.180031,0.179026,0.55,-0.17707275511965903,0.6,-0.072353,0.934
1777357449.1596043,31.443503618240356,5.644115,1.184937,0.165332,0.5960000000000001,-0.17416246259971568,0.596,-0.086896,0.9340000000000002
1777357449.267656,31.551555395126343,5.7028,1.194309,0.156089,0.5940000000000001,-0.17817746259971567,0.594,-0.090911,0.68
1777357449.3959472,31.67984652519226,5.79123,1.207516,0.144337,0.5990000000000001,-0.173623755119659,0.599,-0.068904,0.6730000000000002
1777357449.491307,31.775206327438354,5.85045,1.215717,0.134818,0.553,-0.17032846259971568,0.603,-0.083062,0.673
1777357449.6546705,31.93856978416443,5.880207,1.219168,0.115444,0.5990000000000001,-0.171442816339744,0.599,-0.092903,0.61
1777357449.7730255,32.05692481994629,5.939384,1.225587,0.104336,0.5900000000000001,-0.16250723129985745,0.59,-0.118874,0.591
1777357449.912174,32.19607329368591,6.028274,1.233995,0.089736,0.5960000000000001,-0.16235317007977235,0.596,-0.09254,0.591
1777357449.987607,32.27150630950928,6.088352,1.238904,0.077369,0.557,-0.15494952381980076,0.607,-0.093863,0.555
1777357450.1192472,32.403146505355835,6.118781,1.240686,0.058492,0.56,-0.1538018775598291,0.61,-0.101442,0.548
1777357450.2059445,32.48984384536743,6.148951,1.242179,0.049436,0.554,-0.15179987755982904,0.604,-0.09944,0.5479999999999999
1777357450.3295312,32.61343050003052,6.208675,1.244421,0.033431,0.5990000000000001,-0.14985164625997072,0.599,-0.141125,0.5720000000000002
1777357450.4602633,32.74416255950928,6.29928,1.245967,0.0,0.5980000000000001,-0.13943623129985738,0.598,-0.095803,0.5719999999999997
1777357450.5457394,32.829638719558716,6.329461,1.245967,0.0,0.554,-0.13912623129985746,0.604,-0.095493,0.5860000000000001
1777357450.6437554,32.92765474319458,6.359608,1.245967,0.0,0.553,-0.139918877559829,0.603,-0.087559,0.5860000000000001
1777357450.7307203,33.01461958885193,6.419735,1.245967,0.0,0.55,-0.14399387755982906,0.6,-0.091634,0.6250000000000003
1777357450.8765106,33.160409927368164,6.479094,1.245353,-0.021509,0.5930000000000001,-0.1416319387799141,0.593,-0.115452,0.6250000000000001
1777357450.9805698,33.264469146728516,6.538514,1.243747,-0.028274,0.5960000000000001,-0.14304787755982906,0.596,-0.090688,0.5640000000000001
1777357451.1042242,33.388123512268066,6.568409,1.242826,-0.030805,0.5980000000000001,-0.1420218163397441,0.598,-0.063482,0.5200000000000001
1777357451.2420933,33.52599263191223,6.628034,1.240389,-0.04329,0.5980000000000001,-0.137860816339744,0.598,-0.059321,0.5199999999999999
1777357451.362739,33.6466383934021,6.716225,1.235512,-0.062632,0.5840000000000001,-0.13601658503988578,0.584,-0.10111,0.6280000000000001
1777357451.4811969,33.76509618759155,6.775274,1.231444,-0.071179,0.494,-0.3284050952792056,0.594,-0.084059,0.7379999999999998
1777357451.6244962,33.908395528793335,6.80503,1.229239,-0.074558,0.497,-0.323460449019234,0.597,-0.087841,0.7380000000000001
1777357451.704323,33.98822236061096,6.864953,1.224133,-0.087007,0.502,-0.26565757145940394,0.602,-0.082398,0.7509999999999999
1777357451.8247485,34.10864782333374,6.923785,1.218595,-0.09727,0.491,-0.288395510239319,0.591,-0.078956,0.7510000000000003
1777357451.9612746,34.245173931121826,6.981354,1.212331,-0.114838,0.474,-0.3546561564992906,0.574,-0.13649,0.7870000000000005
1777357452.0684729,34.35237216949463,7.037046,1.205242,-0.1326,0.4610000000000001,-0.44377232657906385,0.561,-0.155793,0.7480000000000001
1777357452.1709213,34.45482063293457,7.064699,1.200879,-0.156479,0.4600000000000001,-0.45138897283903556,0.56,-0.154683,0.7479999999999997
1777357452.329695,34.61359429359436,7.118986,1.191558,-0.174759,0.44700000000000006,-0.37641015649929066,0.547,-0.158244,0.7029999999999997
1777357452.4854076,34.769306898117065,7.197783,1.17563,-0.213814,0.43600000000000005,-0.363262632679489,0.536,-0.206183,0.7109999999999997
1777357452.6446807,34.92858004570007,7.247962,1.163429,-0.250711,0.41000000000000003,-0.39986834015954564,0.51,-0.260242,0.711
1777357452.798378,35.08227729797363,7.319836,1.140276,-0.326752,0.401,-0.351074755119659,0.501,-0.246355,0.8669999999999991
1777357452.98399,35.26788926124573,7.390159,1.114389,-0.365453,0.403,-0.31311046259971564,0.503,-0.225844,0.9560000000000004
1777357453.1465912,35.430490493774414,7.436264,1.095639,-0.39585,0.396,-0.2077310612200841,0.496,-0.233911,0.9670000000000001
1777357453.302888,35.58678722381592,7.501535,1.063986,-0.466828,0.38,-0.21034876870014074,0.48,-0.253982,0.9929999999999992
1777357453.4594488,35.743348121643066,7.563714,1.030493,-0.508742,0.369,-0.1491978911403108,0.469,-0.245191,0.9880000000000002
1777357453.6064115,35.890310764312744,7.604745,1.00693,-0.5273,0.374,-0.1469074761801975,0.474,-0.207994,0.9879999999999999
1777357453.7518992,36.0357985496521,7.645016,0.982167,-0.555513,0.369,-0.09068547618019751,0.469,-0.151772,1.0010000000000001
1777357453.8940759,36.17797517776489,7.685014,0.956758,-0.571082,0.372,-0.10468376870014084,0.472,-0.148317,1.1120000000000005
1777357454.0925233,36.3764226436615,7.743525,0.918169,-0.590147,0.363,-0.13400929251994242,0.463,-0.116556,1.2699999999999991
1777357454.252674,36.53657341003418,7.781337,0.892263,-0.606259,0.357,-0.10173999999999905,0.457,-0.10174,1.2849999999999997
1777357454.4231231,36.70702242851257,7.836802,0.853101,-0.61912,0.351,-0.10570929251994243,0.451,-0.088256,1.2849999999999993
1777357454.6122887,36.89618802070618,7.909244,0.799751,-0.64648,0.349,-0.11128599999999911,0.449,-0.111286,1.3380000000000005
1777357454.7973545,37.08125376701355,7.944033,0.772361,-0.670001,0.33999999999999997,-0.12720893877991413,0.44,-0.101029,1.329
1777357454.9971008,37.2810001373291,7.995006,0.731065,-0.686433,0.33899999999999997,-0.10601899999999909,0.439,-0.106019,1.2879999999999994
1777357455.0909963,37.37489557266235,8.045591,0.689032,-0.696496,0.5379999999999999,0.18705938779915066,0.438,-0.07474,-1
1777357455.2585225,37.54242181777954,8.062338,0.674775,-0.705239,0.33999999999999997,-0.0759416462599708,0.44,-0.067215,1.3369999999999995
1777357455.4560077,37.739907026290894,8.129193,0.61636,-0.724394,0.35,-0.12168052381980077,0.45,-0.060594,1.3949999999999994
1777357455.6366575,37.92055678367615,8.179866,0.571455,-0.72305,0.352,-0.09059717007977242,0.452,-0.020784,1.520000000000001
1777357455.8309805,38.114879846572876,8.21409,0.542276,-0.702823,0.349,-0.09356904763960239,0.449,0.028604,1.5460000000000005
1777357456.0243247,38.30822396278381,8.282886,0.485041,-0.690093,0.344,-0.10214269389957398,0.444,0.028757,1.5860000000000003
1777357456.2101278,38.49402713775635,8.316898,0.456887,-0.693994,0.33999999999999997,-0.07630287755982912,0.44,-0.023943,1.5729999999999993
1777357456.379089,38.66298842430115,8.364959,0.414029,-0.741083,0.32599999999999996,0.22360714291881056,0.426,-0.142912,1.883
1777357456.5654967,38.849395990371704,8.4106,0.370338,-0.779786,0.32099999999999995,0.2545583129985839,0.421,-0.181774,1.7630000000000003
1777357456.7339873,39.01788663864136,8.43964,0.340851,-0.799918,0.31099999999999994,0.26685766673861233,0.411,-0.160748,1.9470000000000007
1777357456.8391807,39.123080015182495,8.495097,0.282586,-0.797269,0.449,0.3399013401595474,0.399,0.200275,-1
1777357456.9187267,39.20262598991394,8.509006,0.26875,-0.781059,0.442,0.3375488775598309,0.392,0.285189,-1
1777357457.0074294,39.29132866859436,8.534513,0.244161,-0.759849,0.397,0.3132264625997175,0.347,0.22596,-1
1777357457.1056545,39.3895537853241,8.547223,0.232265,-0.750603,0.398,0.3151484625997175,0.348,0.227882,-1
1777357457.2595625,39.54346179962158,8.560462,0.220585,-0.722911,0.253,0.24877923129985918,0.353,0.205146,2.2700000000000005
1777357457.4460528,39.72995209693909,8.603811,0.183917,-0.691955,0.28200000000000003,0.2574508163397458,0.382,0.178911,2.27
1777357457.5217288,39.805628061294556,8.650611,0.145929,-0.67427,0.401,0.31996063267949076,0.401,0.162881,-1
1777357457.615751,39.89965033531189,8.666204,0.133678,-0.665968,0.447,0.3513405102393207,0.397,0.141901,-1
1777357457.7353706,40.019269943237305,8.697155,0.110934,-0.628478,0.431,0.33286557145940576,0.381,0.149606,-1
1777357457.8458116,40.12971091270447,8.727971,0.089492,-0.601677,0.425,0.3304069864195191,0.375,0.182054,-1
1777357457.917301,40.20120024681091,8.743541,0.079176,-0.585149,0.424,0.32617640137963244,0.374,0.21273,-1
1777357458.0122347,40.29613399505615,8.776248,0.058817,-0.543386,0.388,0.2920212925199442,0.388,0.274568,-1
1777357458.115522,40.39942121505737,8.793364,0.048948,-0.523029,0.34500000000000003,0.26712235374002924,0.395,0.275849,-1
1777357458.200314,40.48421335220337,8.811294,0.039935,-0.465807,0.35100000000000003,0.24675347618019927,0.401,0.30784,-1
1777357458.3019345,40.58583378791809,8.848279,0.022578,-0.430427,0.36199999999999993,0.24875741496011428,0.412,0.283664,-1
1777357458.4085836,40.69248294830322,8.886198,0.006139,-0.400086,0.30999999999999994,0.21868941496011424,0.41,0.253596,-1
1777357458.513254,40.79715323448181,8.905466,-0.001762,-0.389132,0.31599999999999995,0.22016400000000091,0.416,0.220164,-1
1777357458.6360378,40.91993713378906,8.943877,-0.016765,-0.36726,0.30999999999999994,0.2149239387799159,0.41,0.188744,-1
1777357458.7597911,41.04369044303894,8.963412,-0.023674,-0.33997,0.31399999999999995,0.20935593877991587,0.414,0.183176,-1
1777357458.8670511,41.15095043182373,9.021031,-0.042992,-0.31553,0.30000000000000004,0.20810223129985916,0.4,0.164469,-1
1777357458.9561062,41.24000549316406,9.058808,-0.054866,-0.30068,0.29500000000000004,0.21562452381980252,0.395,0.154538,-1
1777357459.0819662,41.36586546897888,9.096281,-0.065968,-0.282175,0.28800000000000003,0.21371181633974579,0.388,0.135172,-1
1777357459.199392,41.48329138755798,9.114782,-0.070744,-0.252623,0.28200000000000003,0.20502552381980255,0.382,0.143939,-1
1777357459.2884572,41.57235646247864,9.133511,-0.075356,-0.241475,0.28600000000000003,0.20997887755983086,0.386,0.157619,-1
1777357459.3942447,41.6781439781189,9.170233,-0.08372,-0.218657,0.28,0.20007793877991586,0.38,0.173898,-1
1777357459.4922538,41.77615308761597,9.207228,-0.091218,-0.193625,0.278,0.10882353740028428,0.378,0.19609,-1
1777357459.5783563,41.862255573272705,9.24445,-0.09774,-0.166595,0.276,0.05434601358048263,0.376,0.202699,-1
1777357459.7110765,41.99497580528259,9.262979,-0.100348,-0.139831,0.274,0.0180540748005677,0.374,0.192587,-1
1777357459.7942693,42.078168630599976,9.281755,-0.102846,-0.132296,0.279,-0.004949571459404001,0.379,0.17831,-1
1777357459.8889658,42.17286515235901,9.318503,-0.107224,-0.112809,0.266,-0.010827632679488997,0.366,0.146252,-1
1777357459.9867399,42.270639181137085,9.35421,-0.110956,-0.099955,0.257,-0.01923234015954567,0.357,0.120394,-1
1777357460.0873716,42.37127089500427,9.38966,-0.114246,-0.08701,0.255,-0.03295669389957401,0.355,0.097943,-1
1777357460.2143533,42.498252630233765,9.407594,-0.115669,-0.079202,0.26,-0.04881204763960234,0.36,0.073361,-1
1777357460.2914655,42.57536482810974,9.425786,-0.117111,-0.079098,0.265,-0.05336675511965905,0.365,0.051353,-1
1777357460.3889198,42.67281913757324,9.461457,-0.120013,-0.082645,0.257,-0.035923523819800685,0.357,0.025163,-1
1777357460.477094,42.760993242263794,9.498099,-0.123107,-0.084325,0.414,0.6045175919380456,0.364,0.002379,-1
1777357460.5786817,42.86258101463318,9.533015,-0.126141,-0.087787,0.398,0.6033045919380455,0.348,0.001166,-1
